(21,10)				0				0
(21,12)				0				0
(21,11)				0				0
(20,10)				0				0
(26,1)				9.00218e-24				3.48629e-45
(26,0)				2.19608e-23				2.26521e-43
(17,13)				1.65426e-22				1.26878e-43
(7,4)				1.81357e-22				5.20922e-44
(7,3)				2.49525e-22				4.59741e-43
(17,14)				2.72192e-22				1.11229e-43
(20,11)				3.25087e-22				2.73432e-41
(22,3)				8.99948e-11				2.58131e-19
(22,4)				1.73052e-10				4.91643e-19
(22,13)				2.35134e-10				5.39644e-19
(23,8)				3.63624e-10				1.75953e-18
(19,3)				4.23031e-10				2.2622e-18
(23,9)				4.66429e-10				1.32487e-18
(19,4)				6.17021e-10				1.67112e-18
(22,10)				6.43314e-10				4.01642e-18
(22,14)				6.52035e-10				2.27008e-18
(21,15)				7.35624e-10				5.87575e-18
(12,8)				9.86296e-10				4.31684e-18
(26,6)				1.06324e-09				1.18987e-17
(23,10)				1.55098e-09				6.06831e-17
(12,9)				1.60573e-09				4.85032e-18
(23,12)				1.75965e-09				1.29493e-16
(22,15)				1.8033e-09				8.89193e-17
(21,16)				2.09352e-09				1.15698e-16
(22,12)				3.18298e-09				4.66348e-16
(23,11)				3.96367e-09				2.40905e-15
(26,5)				4.56159e-09				1.71996e-15
(22,11)				4.71806e-09				2.87706e-15
(24,6)				6.49135e-07				8.39543e-12
(19,5)				9.98591e-07				9.74199e-09
(24,7)				1.99906e-06				2.0606e-10
(24,16)				2.17104e-06				3.28907e-10
(26,8)				2.53833e-06				4.83247e-11
(26,13)				2.82071e-06				5.11138e-11
(23,16)				3.2158e-06				2.04254e-10
(26,14)				3.89069e-06				9.37187e-11
(26,15)				4.36683e-06				2.78558e-10
(26,9)				4.94516e-06				1.28573e-10
(24,17)				5.94139e-06				9.24058e-09
(25,10)				7.31353e-06				1.94323e-09
(26,16)				7.78823e-06				1.87242e-09
(26,10)				8.72151e-06				2.36314e-09
(23,17)				8.80054e-06				5.91006e-09
(25,11)				1.15971e-05				3.25194e-08
(26,17)				1.59124e-05				7.45855e-09
(22,1)				0.000964821				2.49998e-05
(22,2)				0.00226389				0.00211232
(22,6)				0.00234362				0.00019969
(22,0)				0.00569384				0.00165797
(21,6)				0.00854606				0.000491061
(22,7)				0.00920594				0.00582361
(26,2)				0.00991379				0.0594601
(23,1)				0.0115046				0.000591033
(25,18)				0.0124366				0.00524647
(20,4)				0.0129855				0.000610507
(21,4)				0.013443				0.000727118
(24,1)				0.0134573				0.00066741
(20,6)				0.013467				0.000982869
(19,16)				0.0135089				0.00543641
(25,1)				0.0139601				0.000770253
(19,14)				0.0143165				0.000727122
(20,14)				0.0143569				0.000720405
(24,9)				0.0148796				0.000733019
(18,9)				0.0176148				0.000939987
(19,7)				0.021527				0.0156121
(26,12)				0.0221192				0.00740209
(21,7)				0.0234508				0.00775466
(26,18)				0.0235064				0.0105949
(21,18)				0.0289854				0.0143784
(22,5)				0.0301644				0.0795119
(16,15)				0.0304169				0.00385458
(19,18)				0.0304326				0.00992605
(23,19)				0.030577				0.118393
(23,0)				0.0308858				0.00990528
(19,13)				0.0322179				0.00528231
(25,6)				0.0329844				0.00755921
(21,3)				0.0334264				0.00685227
(10,9)				0.0336145				0.00109639
(15,14)				0.0336268				0.00110946
(18,12)				0.0344051				0.00592944
(11,9)				0.035459				0.00116275
(20,13)				0.0355033				0.00686191
(16,14)				0.0360296				0.00131696
(19,6)				0.0360433				0.0127469
(20,16)				0.0360513				0.0250282
(2,1)				0.0363098				0.00117861
(5,4)				0.0364054				0.0011971
(20,3)				0.0373096				0.00913462
(6,4)				0.0378053				0.00125592
(20,12)				0.0379865				0.0289316
(24,8)				0.0385315				0.00876775
(23,18)				0.0388518				0.0265041
(19,15)				0.0391186				0.0247652
(18,11)				0.0400943				0.0764472
(25,0)				0.0424243				0.0278007
(24,11)				0.0432584				0.124924
(20,7)				0.0439191				0.0205147
(11,10)				0.0443757				0.0142747
(24,0)				0.0448714				0.0311258
(18,8)				0.0452764				0.0099757
(19,17)				0.0462533				0.0856622
(22,17)				0.0520023				0.178725
(19,12)				0.0529442				0.0397462
(22,16)				0.0550098				0.0528516
(24,12)				0.0578279				0.0307095
(18,16)				0.0609269				0.0386687
(25,12)				0.063087				0.0692206
(20,18)				0.0665493				0.0303142
(19,11)				0.068104				0.254451
(24,10)				0.0693811				0.0314539
(24,18)				0.072288				0.0359477
(23,2)				0.0764027				0.180299
(18,10)				0.0776187				0.0302633
(25,2)				0.0782426				0.269572
(26,11)				0.0827224				0.316629
(25,21)				0.0836969				0.322388
(15,13)				0.0839529				0.0106313
(16,13)				0.0840986				0.0138471
(23,20)				0.0845287				5.52118
(21,5)				0.0852121				0.248797
(7,6)				0.0859258				0.0174933
(20,15)				0.086943				0.0430468
(11,8)				0.0886702				0.012293
(22,19)				0.0891029				0.413276
(5,3)				0.0902314				0.015544
(25,23)				0.0922049				0.447403
(6,3)				0.0946428				0.0200219
(10,8)				0.0949511				0.0152486
(21,19)				0.0958199				0.765028
(25,7)				0.0959814				0.13485
(24,2)				0.100888				0.502353
(23,21)				0.100922				0.198435
(2,0)				0.106142				0.0523629
(22,18)				0.106207				0.14607
(26,23)				0.107572				0.704439
(6,5)				0.110682				0.429574
(25,22)				0.113769				0.375868
(24,21)				0.121796				0.818101
(26,7)				0.123167				0.260763
(12,10)				0.123489				0.0540439
(17,15)				0.124072				0.0625631
(17,16)				0.128882				0.0889116
(20,17)				0.132242				0.417902
(26,21)				0.134537				0.634254
(20,5)				0.135813				0.610326
(26,22)				0.143111				0.424736
(25,19)				0.151906				3.61894
(24,19)				0.154786				1.58439
(21,17)				0.159172				1.02308
(12,11)				0.166264				0.454725
(14,13)				0.173298				0.0308604
(4,3)				0.198926				0.053856
(9,8)				0.20195				0.0568698
(24,22)				0.211802				0.978428
(22,21)				0.2127				1.03799
(18,17)				0.216385				0.853266
(24,23)				0.224584				2.03103
(26,19)				0.228449				2.59781
(7,5)				0.23156				0.733622
(1,0)				0.241421				0.276101
(22,20)				0.32543				27.0041
(25,20)				0.332391				33.6834
(23,22)				0.335499				2.95008
(26,20)				0.343255				27.4346
(24,20)				0.343353				33.7725
(20,19)				0.373238				8.9972
(26,25)				0.599367				53.4617
(25,24)				0.776519				72.6707
(21,20)				0.806377				293.835
(26,24)				1.24322				543.337
(23,23)				3.67774				283.076
(25,25)				4.27679				202.068
(22,22)				5.11863				1359.99
(24,24)				5.25294				3215.18
(18,18)				6.92111				539.237
(20,20)				7.44301				3886.38
(21,21)				7.70887				2257.75
(19,19)				9.78085				4676.42
(12,12)				10.4221				820.89
(26,26)				11.315				13805.3
(7,7)				13.2528				1603.64
(6,6)				14.1425				631.931
(14,14)				14.3754				1021.23
(1,1)				15.1256				1097.32
(4,4)				15.4935				1078.71
(9,9)				15.8052				1102.25
(10,10)				18.7059				1560.39
(16,16)				18.9351				2461.02
(15,15)				19.2966				2353.45
(17,17)				20.2247				7583.55
(13,13)				25.5519				2510.95
(3,3)				26.3135				3568.85
(8,8)				26.473				3157.43
(0,0)				30.5847				9988.41
(5,5)				31.8099				23827.1
(2,2)				40.1672				159046
(11,11)				45.5765				197667
