(20,10)				0				0
(21,10)				0				0
(21,11)				0				0
(21,12)				0				0
(26,1)				9.90097e-25				3.64333e-45
(7,4)				6.49649e-26				8.49825e-44
(26,0)				-3.90602e-24				2.27437e-43
(17,14)				6.49345e-24				1.85276e-43
(7,3)				5.04718e-24				5.21978e-43
(17,13)				-1.32758e-23				1.54067e-43
(20,11)				1.24545e-23				2.75311e-41
(22,3)				-1.94408e-13				2.73285e-19
(22,4)				-5.86575e-14				5.47677e-19
(23,8)				1.1839e-12				1.98317e-18
(23,9)				1.33977e-12				1.69284e-18
(22,13)				-3.86079e-12				6.28815e-19
(22,14)				1.30541e-12				2.95596e-18
(19,4)				4.18803e-12				2.2838e-18
(21,15)				3.38339e-12				6.76988e-18
(19,3)				7.18209e-12				2.55012e-18
(12,8)				1.15982e-11				5.28949e-18
(21,16)				3.55569e-12				1.22939e-16
(23,10)				-4.88554e-12				6.47518e-17
(22,10)				-1.9533e-11				4.68185e-18
(12,9)				-1.16936e-11				7.42856e-18
(23,12)				4.30566e-12				1.3473e-16
(26,6)				-1.47375e-11				1.3029e-17
(22,15)				3.98724e-11				9.28933e-17
(22,12)				1.1424e-10				4.82633e-16
(23,11)				3.1753e-11				2.43562e-15
(26,5)				3.30505e-10				1.74145e-15
(22,11)				-5.22764e-10				2.91245e-15
(24,6)				-6.85952e-09				9.18048e-12
(26,8)				3.26982e-08				5.81116e-11
(26,13)				-1.50298e-08				6.32011e-11
(26,14)				4.58193e-08				1.16713e-10
(26,9)				7.08357e-08				1.65717e-10
(26,15)				-6.74418e-08				3.07521e-10
(25,10)				-3.28144e-08				2.03663e-09
(26,16)				-5.26155e-08				1.96457e-09
(24,7)				1.72601e-07				2.13451e-10
(23,16)				-1.44069e-07				2.17678e-10
(26,10)				1.20714e-07				2.47868e-09
(26,17)				1.01035e-07				7.84321e-09
(24,16)				-2.50212e-07				3.37827e-10
(23,17)				-1.94393e-07				5.98747e-09
(24,17)				-3.37613e-07				9.29432e-09
(25,11)				2.01086e-07				3.27542e-08
(19,5)				5.59511e-07				9.74309e-09
(22,1)				-8.81885e-06				2.64106e-05
(23,1)				-2.80376e-05				0.000764234
(21,6)				-4.76767e-05				0.000564094
(22,6)				6.25537e-05				0.000207816
(20,14)				6.14323e-05				0.00101589
(19,14)				-0.000100846				0.00101213
(25,1)				-0.000125439				0.000965122
(6,4)				4.66169e-05				0.00268516
(22,2)				-8.19128e-05				0.00212008
(24,9)				0.000161541				0.00107114
(20,4)				0.000278366				0.000874517
(25,18)				-7.25095e-05				0.00551653
(20,6)				0.000370221				0.00116409
(24,1)				0.000455379				0.000933801
(18,9)				0.000402096				0.00125011
(19,13)				0.000224138				0.0067257
(16,15)				-0.000311606				0.00477967
(26,12)				-0.000217038				0.00791011
(21,4)				-0.000609204				0.000907461
(23,18)				-4.62409e-06				0.0280136
(20,13)				0.000216236				0.00866886
(5,4)				-0.000427449				0.00252227
(24,12)				2.39274e-05				0.0340536
(25,6)				0.00031251				0.00864708
(2,1)				0.000563547				0.0024967
(19,15)				-7.62158e-05				0.0262955
(11,10)				-0.000190259				0.0162438
(20,12)				-7.14397e-05				0.0309383
(24,8)				0.000329891				0.0110352
(22,0)				-0.000762677				0.00170622
(19,16)				0.000629617				0.00561851
(18,8)				-0.000453323				0.0120254
(11,9)				-0.000788996				0.00241946
(10,9)				0.00083179				0.00222563
(21,3)				-0.000645456				0.00796918
(24,18)				-0.000160589				0.0411733
(26,18)				-0.000565955				0.0111684
(20,16)				0.000325951				0.0263278
(18,16)				-0.000211275				0.0423807
(15,14)				0.000918296				0.00223939
(18,12)				0.000790603				0.00711253
(16,14)				0.00100196				0.00261409
(20,7)				0.000597623				0.0224433
(22,7)				0.000941843				0.00594776
(20,3)				-0.000763046				0.0113142
(23,19)				-0.000103011				0.119327
(12,10)				-0.000225536				0.0692934
(19,7)				-0.000723727				0.016075
(19,18)				-0.000873409				0.0108514
(26,2)				0.000323608				0.0595583
(23,2)				9.19828e-05				0.186136
(21,18)				0.000766946				0.0157657
(20,18)				-0.000458037				0.0347428
(25,22)				7.68476e-05				0.388812
(23,0)				0.000971667				0.0111524
(24,0)				-0.00067479				0.0340903
(21,7)				-0.00140382				0.00830262
(10,8)				-0.000913592				0.0242635
(24,11)				-0.000452153				0.126795
(24,10)				0.000898996				0.0362668
(22,18)				-0.000576175				0.158848
(7,6)				-0.00116245				0.0248752
(26,21)				0.000255516				0.652354
(19,6)				-0.00176502				0.0145491
(25,2)				0.000559157				0.275694
(25,12)				0.000811461				0.0761689
(25,0)				-0.00125344				0.029599
(5,3)				-0.00216266				0.023681
(15,13)				0.0026064				0.0176726
(19,12)				0.00112703				0.042559
(22,16)				0.00100923				0.0565502
(22,5)				-0.000909126				0.0808613
(22,17)				0.000804916				0.181787
(11,8)				-0.00308893				0.0201459
(25,21)				0.00070664				0.329393
(6,3)				-0.00221624				0.0289743
(18,10)				-0.00158059				0.0362855
(16,13)				0.00384586				0.0209049
(20,15)				-0.00153266				0.0506036
(25,7)				-0.000973423				0.144061
(24,23)				-0.000473718				2.08147
(21,17)				-0.00060975				1.06495
(19,17)				-0.00145013				0.0877995
(24,19)				0.000627834				1.60834
(26,19)				-0.000698034				2.65
(4,3)				0.00250965				0.0934211
(2,0)				0.00321733				0.0636186
(23,21)				-0.00167109				0.208618
(20,17)				0.00118786				0.435389
(14,13)				0.00399564				0.0608765
(17,15)				0.00330695				0.0779459
(22,19)				-0.00128692				0.421214
(24,2)				-0.00105133				0.51253
(26,7)				-0.00225275				0.275928
(24,21)				0.00115966				0.832933
(18,11)				0.00640827				0.0780137
(21,19)				0.00138489				0.774208
(21,5)				0.00321492				0.256048
(25,23)				0.00189186				0.455901
(24,22)				-0.00144912				1.02329
(17,16)				0.00886668				0.105444
(9,8)				0.00892072				0.0975741
(18,17)				-0.00173363				0.900086
(26,11)				-0.00494121				0.32371
(26,23)				-0.00262036				0.716004
(26,22)				0.00335608				0.445206
(19,11)				-0.00717371				0.259056
(6,5)				-0.0045757				0.441803
(7,5)				-0.00308435				0.787232
(22,21)				-0.00284353				1.08323
(1,0)				-0.0161584				0.334124
(20,5)				-0.00952579				0.631906
(12,11)				-0.0222775				0.481873
(25,19)				0.00386812				3.642
(23,22)				-0.00614667				3.0626
(23,20)				-0.00512262				5.5283
(20,19)				0.00670129				9.13646
(22,20)				0.028707				27.1092
(25,24)				-0.0146858				73.2735
(21,20)				0.0147895				294.485
(24,20)				-0.0345895				33.8892
(25,20)				-0.0408276				33.7922
(26,20)				0.0413558				27.5507
(26,25)				0.0391417				53.8194
(26,24)				0.0212482				544.882
(23,23)				0.0516778				296.599
(25,25)				0.222373				220.309
(18,18)				0.204954				587.097
(22,22)				0.289268				1386.11
(6,6)				0.985419				830.97
(12,12)				1.11358				928.271
(24,24)				0.103137				3242.77
(20,20)				0.195359				3941.74
(7,7)				0.616995				1778.9
(21,21)				0.585878				2316.83
(10,10)				1.16191				1908.95
(16,16)				0.674235				2819.1
(19,19)				0.408817				4771.92
(14,14)				4.78263				1205.01
(15,15)				1.75013				2722.74
(1,1)				4.5007				1305.84
(26,26)				-0.58539				13933
(5,5)				0.498557				24838.7
(4,4)				5.73295				1285.89
(9,9)				5.08393				1326.21
(8,8)				2.14056				3853.67
(17,17)				1.42237				7990.57
(13,13)				3.7512				3149.78
(3,3)				3.36159				4249.95
(0,0)				3.42754				10912.1
(2,2)				-3.15479				160650
(11,11)				2.99886				199735
