(1138,986)				0				0
(534,338)				0				0
(538,343)				0				0
(1097,667)				0				0
(1086,1036)				0				0
(543,218)				0				0
(1117,436)				0				0
(1118,1016)				0				0
(815,710)				0				0
(1138,991)				0				0
(526,358)				0				0
(533,436)				0				0
(1117,441)				0				0
(809,657)				0				0
(815,680)				0				0
(1130,961)				0				0
(1094,946)				0				0
(534,398)				0				0
(1118,433)				0				0
(1118,438)				0				0
(544,365)				0				0
(547,74)				0				0
(546,38)				0				0
(1092,885)				0				0
(1087,835)				0				0
(544,368)				0				0
(538,143)				0				0
(1114,143)				0				0
(544,343)				0				0
(266,168)				0				0
(1098,625)				0				0
(260,113)				0				0
(542,218)				0				0
(815,641)				0				0
(531,454)				0				0
(203,186)				0				0
(1138,1071)				0				0
(753,743)				0				0
(542,273)				0				0
(546,303)				0				0
(546,308)				0				0
(1098,893)				0				0
(1085,552)				0				0
(1091,852)				0				0
(1081,909)				0				0
(1087,768)				0				0
(1093,621)				0				0
(1097,626)				0				0
(203,193)				0				0
(1094,888)				0				0
(814,641)				0				0
(1020,1017)				0				0
(1081,908)				0				0
(547,341)				0				0
(1098,626)				0				0
(1082,908)				0				0
(1085,819)				0				0
(1082,948)				0				0
(1076,924)				0				0
(1094,948)				0				0
(1138,983)				0				0
(259,92)				0				0
(470,453)				0				0
(1097,647)				0				0
(259,107)				0				0
(1118,523)				0				0
(1086,568)				0				0
(1117,521)				0				0
(1090,588)				0				0
(1088,649)				0				0
(1098,891)				0				0
(542,18)				0				0
(548,335)				0				0
(544,335)				0				0
(1098,648)				0				0
(1091,857)				0				0
(1098,693)				0				0
(1081,924)				0				0
(1134,693)				0				0
(1116,749)				0				0
(1079,1003)				0				0
(537,76)				0				0
(538,365)				0				0
(546,305)				0				0
(542,285)				0				0
(549,71)				0				0
(1113,822)				0				0
(1086,567)				0				0
(1118,520)				0				0
(1117,438)				0				0
(1090,587)				0				0
(1020,1003)				0				0
(527,397)				0				0
(1084,888)				0				0
(1088,650)				0				0
(1117,433)				0				0
(815,681)				0				0
(1091,858)				0				0
(533,433)				0				0
(814,642)				0				0
(1098,647)				0				0
(546,307)				0				0
(1118,440)				0				0
(531,453)				0				0
(1118,427)				0				0
(534,397)				0				0
(542,485)				0				0
(1118,437)				0				0
(538,342)				0				0
(1118,435)				0				0
(470,467)				0				0
(1118,525)				0				0
(546,302)				0				0
(1110,410)				0				0
(534,385)				0				0
(1134,272)				0				0
(542,272)				0				0
(1118,522)				0				0
(1117,523)				0				0
(1085,852)				0				0
(543,219)				0				0
(1086,555)				0				0
(1138,987)				0				0
(266,170)				0				0
(266,165)				0				0
(549,338)				0				0
(259,91)				0				0
(527,379)				0				0
(535,384)				0				0
(1138,1072)				0				0
(544,364)				0				0
(1088,618)				0				0
(1110,555)				0				0
(546,40)				0				0
(546,35)				0				0
(1097,960)				0				0
(1130,5)				0				0
(542,5)				0				0
(1091,855)				0				0
(1090,585)				0				0
(1090,590)				0				0
(1094,947)				0				0
(814,657)				0				0
(266,167)				0				0
(1091,853)				0				0
(1114,822)				0				0
(1136,199)				0				0
(1086,852)				0				0
(1087,1035)				0				0
(1098,892)				0				0
(1082,947)				0				0
(537,74)				0				0
(1097,648)				0				0
(1131,960)				0				0
(546,37)				0				0
(1088,648)				0				0
(1082,977)				0				0
(1138,977)				0				0
(542,17)				0				0
(1087,823)				0				0
(1092,618)				0				0
(264,187)				0				0
(1138,466)				0				0
(470,466)				0				0
(546,304)				0				0
(1088,651)				0				0
(1118,441)				0				0
(1118,436)				0				0
(526,359)				0				0
(538,364)				0				0
(542,486)				0				0
(537,410)				0				0
(1117,1016)				0				0
(1138,990)				0				0
(526,374)				0				0
(1087,769)				0				0
(1110,411)				0				0
(1086,1035)				0				0
(1118,434)				0				0
(815,642)				0				0
(544,367)				0				0
(542,6)				0				0
(536,332)				0				0
(1091,856)				0				0
(1091,624)				0				0
(1118,521)				0				0
(264,186)				0				0
(536,312)				0				0
(1117,525)				0				0
(1082,930)				0				0
(815,663)				0				0
(1094,935)				0				0
(1117,524)				0				0
(542,284)				0				0
(1095,934)				0				0
(1130,960)				0				0
(1138,985)				0				0
(537,75)				0				0
(1117,439)				0				0
(1117,434)				0				0
(547,68)				0				0
(1118,524)				0				0
(1020,1016)				0				0
(533,434)				0				0
(546,306)				0				0
(537,98)				0				0
(260,112)				0				0
(1138,1070)				0				0
(540,2)				0				0
(546,301)				0				0
(1090,584)				0				0
(1090,589)				0				0
(541,269)				0				0
(1138,1075)				0				0
(1098,624)				0				0
(533,432)				0				0
(815,662)				0				0
(546,36)				0				0
(1134,694)				0				0
(534,396)				0				0
(1117,437)				0				0
(1118,439)				0				0
(533,437)				0				0
(538,341)				0				0
(1087,834)				0				0
(261,165)				0				0
(1117,427)				0				0
(536,117)				0				0
(546,41)				0				0
(260,130)				0				0
(544,366)				0				0
(1117,520)				0				0
(1097,624)				0				0
(1082,909)				0				0
(1097,625)				0				0
(1117,522)				0				0
(1088,626)				0				0
(1138,1073)				0				0
(533,435)				0				0
(266,166)				0				0
(1096,667)				0				0
(1138,1074)				0				0
(1091,854)				0				0
(1131,961)				0				0
(537,97)				0				0
(1098,915)				0				0
(1088,647)				0				0
(261,164)				0				0
(1113,143)				0				0
(546,39)				0				0
(1113,144)				0				0
(546,34)				0				0
(1117,435)				0				0
(528,431)				0				0
(753,736)				0				0
(1117,440)				0				0
(1087,1036)				0				0
(541,302)				0				0
(812,736)				0				0
(1090,591)				0				0
(1090,586)				0				0
(542,219)				0				0
(1138,984)				0				0
(1079,1004)				0				0
(528,432)				0				0
(537,117)				0				0
(1138,988)				0				0
(266,169)				0				0
(1082,929)				0				0
(812,737)				0				0
(527,380)				0				0
(1098,914)				0				0
(1138,989)				0				0
(1091,851)				0				0
(1114,144)				0				0
(527,398)				0				0
(1086,556)				0				0
(1085,585)				0				0
(1087,822)				0				0
(260,131)				0				0
(1131,5)				0				0
(813,800)				2.17251e-30				9.78123e-53
(813,802)				4.8402e-30				3.9112e-50
(1080,1067)				-1.11837e-29				3.86586e-52
(813,801)				1.62552e-29				1.5058e-50
(1080,1068)				4.89133e-29				1.59994e-50
(1119,595)				7.12605e-29				7.1658e-50
(813,752)				-1.04551e-28				5.39791e-49
(1076,1005)				1.33008e-28				1.20378e-47
(1080,1069)				-2.05016e-28				1.55766e-50
(813,753)				2.10366e-28				6.10299e-48
(1119,594)				3.04806e-28				1.40783e-48
(1099,44)				6.16108e-28				3.94147e-47
(1132,962)				1.00434e-27				1.99057e-48
(303,301)				-1.25863e-27				2.56397e-47
(1080,1019)				-1.31497e-27				8.20944e-49
(256,185)				-1.35857e-27				7.30792e-45
(653,582)				1.39245e-27				8.07021e-45
(920,850)				1.67462e-27				1.94211e-46
(1076,997)				-1.69252e-27				6.15578e-48
(752,747)				1.73112e-27				6.06859e-46
(1100,312)				1.8564e-27				2.98376e-49
(128,126)				-1.92255e-27				2.04422e-46
(1080,1020)				-2.11561e-27				1.53263e-47
(809,730)				-2.26347e-27				4.63401e-48
(1099,45)				-2.30158e-27				1.65173e-48
(809,738)				-2.47911e-27				1.16244e-47
(1099,409)				4.62692e-27				2.44354e-47
(1135,695)				-4.69771e-27				3.43176e-47
(1104,413)				-5.8263e-27				3.15623e-46
(395,393)				-6.53118e-27				1.74337e-46
(1119,592)				-8.55677e-27				2.93818e-47
(1080,1005)				8.77416e-27				4.34071e-47
(1073,941)				-9.85016e-27				6.21751e-46
(813,738)				9.85783e-27				4.54726e-47
(586,584)				1.05072e-26				1.43464e-47
(248,213)				1.07729e-26				2.00451e-46
(99,82)				1.08995e-26				4.26027e-45
(1076,996)				1.09319e-26				1.59105e-45
(678,672)				1.14912e-26				2.06539e-45
(1095,623)				1.17421e-26				1.13833e-44
(1100,311)				-1.27202e-26				8.94553e-48
(1119,593)				-1.30116e-26				6.00566e-47
(1066,1043)				1.33466e-26				1.67121e-46
(917,861)				-1.47398e-26				4.74873e-48
(1100,309)				-1.60645e-26				1.21699e-46
(1130,12)				1.61032e-26				5.91917e-46
(100,44)				-1.66117e-26				8.98151e-47
(1099,408)				-1.73981e-26				1.39679e-47
(920,848)				1.78932e-26				3.55618e-45
(650,594)				-1.8745e-26				4.83535e-48
(523,392)				-1.90282e-26				1.27822e-45
(935,932)				2.01043e-26				3.49529e-45
(99,86)				-2.04098e-26				6.42612e-46
(1099,42)				-2.04302e-26				6.6266e-46
(753,747)				2.15075e-26				3.63425e-45
(1130,13)				2.18412e-26				1.37915e-45
(99,44)				-2.20016e-26				3.61792e-47
(1132,954)				2.20044e-26				3.59301e-47
(798,763)				-2.20721e-26				2.37919e-46
(1080,997)				2.27553e-26				6.15512e-46
(653,581)				2.31293e-26				2.43861e-45
(678,676)				-2.37458e-26				2.34752e-46
(651,594)				-2.46266e-26				4.1705e-46
(256,124)				-2.54433e-26				5.85136e-46
(590,554)				2.71971e-26				7.16993e-45
(1135,683)				2.82323e-26				5.00668e-45
(516,493)				-2.85398e-26				1.53427e-46
(202,197)				-2.92694e-26				7.4121e-46
(515,480)				-2.93996e-26				1.93239e-46
(653,583)				2.96587e-26				2.69389e-46
(264,179)				3.14505e-26				7.17935e-47
(1019,1014)				-3.15428e-26				3.27381e-45
(370,300)				3.20942e-26				1.36317e-46
(1113,829)				3.32349e-26				6.27295e-46
(813,730)				-3.41018e-26				6.26119e-46
(249,213)				-3.53898e-26				4.52149e-46
(1128,697)				-3.54844e-26				8.88523e-47
(799,776)				3.56839e-26				1.42311e-46
(1128,696)				-3.6393e-26				2.95557e-47
(1095,622)				-3.79309e-26				3.92927e-45
(799,763)				4.32614e-26				6.25679e-46
(367,311)				4.45798e-26				9.51001e-47
(918,861)				-4.63047e-26				3.84212e-46
(720,686)				-4.69264e-26				8.17379e-46
(813,725)				-4.74783e-26				2.44631e-45
(853,851)				4.939e-26				9.94298e-48
(1019,1015)				5.22549e-26				1.14562e-44
(1065,1030)				-5.32669e-26				1.58139e-46
(103,33)				5.35253e-26				2.02596e-46
(264,177)				-5.5688e-26				1.0241e-45
(650,636)				5.70234e-26				4.38637e-46
(36,34)				-5.84852e-26				1.51444e-47
(516,480)				5.88377e-26				4.33112e-46
(1117,53)				-5.89011e-26				2.24698e-45
(174,164)				5.92114e-26				5.64503e-47
(668,664)				-6.0817e-26				1.33224e-45
(1100,310)				6.10757e-26				2.86395e-46
(16,14)				-6.25353e-26				2.74696e-46
(366,311)				-6.47491e-26				3.88507e-47
(203,197)				6.51081e-26				3.8697e-45
(469,464)				6.55315e-26				2.75148e-45
(248,209)				-6.57203e-26				8.40912e-46
(385,381)				6.67394e-26				1.50087e-45
(248,210)				6.69484e-26				2.54364e-45
(678,673)				-7.04692e-26				4.3878e-45
(935,931)				-7.36972e-26				1.37586e-45
(1080,992)				-7.60106e-26				2.25875e-45
(535,73)				7.87446e-26				8.96936e-45
(724,714)				-8.17327e-26				5.64995e-47
(1117,54)				-8.44646e-26				6.55405e-45
(249,226)				-8.46712e-26				1.69143e-46
(920,849)				8.81817e-26				7.10164e-45
(917,903)				9.14817e-26				3.8865e-46
(531,446)				-9.37145e-26				4.06789e-47
(813,726)				9.4627e-26				6.76452e-45
(1132,949)				-9.55647e-26				1.46075e-46
(806,674)				-9.71453e-26				5.98357e-46
(807,786)				-1.00064e-25				6.3964e-45
(16,10)				1.0147e-25				2.1124e-45
(798,760)				-1.03644e-25				2.00103e-45
(807,785)				-1.06168e-25				2.31149e-45
(586,583)				1.06881e-25				1.48445e-44
(193,189)				-1.09264e-25				1.67558e-45
(441,431)				1.11358e-25				2.97469e-47
(264,178)				-1.12481e-25				2.40319e-45
(118,115)				-1.13677e-25				3.66056e-45
(991,980)				1.18012e-25				2.04762e-44
(1132,950)				-1.18435e-25				3.93426e-46
(40,3)				1.2002e-25				2.90874e-45
(1073,942)				-1.2227e-25				1.47344e-45
(590,553)				-1.28222e-25				3.50888e-45
(1113,830)				1.2975e-25				1.40262e-45
(366,353)				1.31675e-25				4.82465e-46
(249,210)				-1.3557e-25				5.22209e-45
(1065,1026)				1.38125e-25				8.0085e-46
(917,900)				1.38929e-25				8.94352e-45
(128,123)				-1.41073e-25				4.18267e-45
(1110,562)				-1.47221e-25				5.51687e-46
(283,281)				1.49553e-25				2.42529e-46
(724,713)				-1.53481e-25				2.3509e-44
(917,899)				-1.5577e-25				3.06674e-45
(806,675)				-1.56924e-25				1.38794e-45
(1066,1030)				-1.67388e-25				3.55563e-46
(1133,279)				-1.69917e-25				6.21459e-46
(256,125)				-1.70624e-25				1.37899e-45
(1116,158)				1.74647e-25				6.56748e-46
(531,444)				1.77568e-25				9.04223e-46
(743,740)				-1.82056e-25				4.61737e-45
(1080,993)				1.86159e-25				6.12537e-45
(249,209)				1.86874e-25				1.80943e-45
(1104,414)				1.87203e-25				1.03556e-45
(307,271)				1.8818e-25				9.45819e-45
(1116,159)				1.91043e-25				2.37859e-45
(437,403)				2.02846e-25				6.65328e-46
(853,850)				2.05116e-25				1.37328e-44
(806,734)				-2.07634e-25				1.84696e-45
(991,981)				-2.08076e-25				4.744e-47
(752,748)				-2.15038e-25				2.67915e-45
(99,83)				-2.16588e-25				9.62165e-45
(1065,1027)				2.19026e-25				2.31457e-45
(524,502)				-2.22975e-25				2.07241e-45
(531,445)				-2.31358e-25				2.18704e-45
(1099,43)				-2.32745e-25				1.57358e-45
(833,831)				-2.37104e-25				3.30605e-46
(1110,563)				2.41368e-25				1.24986e-45
(193,190)				2.42934e-25				4.00473e-45
(945,943)				2.42995e-25				2.47202e-46
(370,299)				-2.48523e-25				7.49754e-45
(798,759)				-2.49684e-25				7.27462e-46
(809,729)				-2.49982e-25				1.6278e-45
(1133,976)				-2.50761e-25				8.56832e-45
(650,632)				2.51947e-25				3.27456e-45
(833,828)				-2.52863e-25				4.07401e-45
(1108,147)				2.60047e-25				1.78575e-45
(366,349)				-2.72847e-25				4.16943e-45
(799,760)				2.76789e-25				4.99011e-45
(1074,1052)				-2.82345e-25				2.32251e-45
(1136,708)				2.82563e-25				2.82863e-45
(857,820)				-2.82626e-25				3.4155e-45
(202,198)				-2.8314e-25				2.75198e-45
(395,389)				-2.8354e-25				1.32469e-45
(987,953)				2.90189e-25				1.01299e-45
(743,739)				-2.99416e-25				1.66876e-45
(523,391)				3.06493e-25				5.43328e-46
(307,270)				-3.0849e-25				2.51315e-45
(524,503)				-3.09072e-25				6.49309e-45
(1135,687)				3.25424e-25				4.56898e-46
(806,735)				3.26482e-25				6.50372e-45
(170,134)				-3.33485e-25				1.63076e-44
(366,350)				3.41059e-25				8.56564e-45
(1010,1007)				-3.54215e-25				4.28343e-45
(283,277)				-3.73397e-25				1.57494e-45
(370,298)				-3.87613e-25				2.31847e-45
(516,476)				-3.93276e-25				1.74855e-45
(929,925)				-3.93689e-25				9.96445e-45
(170,136)				-4.1289e-25				6.71225e-46
(515,476)				4.29708e-25				8.38442e-46
(40,4)				4.64393e-25				7.71648e-45
(1135,682)				4.71702e-25				1.71405e-45
(1133,975)				4.72322e-25				2.29039e-45
(1010,1006)				4.89108e-25				1.54414e-45
(1108,146)				-4.89699e-25				6.7306e-46
(103,31)				5.02608e-25				3.96368e-45
(515,477)				-5.03164e-25				2.59136e-45
(1066,1026)				5.04636e-25				1.71946e-45
(753,748)				-5.06729e-25				1.53296e-44
(535,72)				5.29553e-25				2.83388e-45
(516,477)				5.33299e-25				5.27768e-45
(799,759)				5.35669e-25				1.89419e-45
(1119,320)				-5.38291e-25				1.91989e-45
(469,465)				-5.64593e-25				1.04676e-44
(256,184)				6.00555e-25				1.86848e-45
(566,564)				6.04966e-25				2.86662e-46
(16,11)				6.40038e-25				3.99542e-45
(174,163)				-6.85034e-25				2.14615e-44
(857,821)				6.94652e-25				7.15327e-45
(103,32)				-6.97955e-25				7.02453e-45
(945,939)				-7.00076e-25				1.52663e-45
(112,108)				7.2028e-25				7.17434e-45
(1066,1027)				7.45484e-25				4.76028e-45
(118,114)				-7.60655e-25				1.69293e-45
(1133,280)				7.60985e-25				1.29255e-45
(257,235)				7.87215e-25				2.26557e-45
(385,382)				-7.94656e-25				4.01794e-45
(128,122)				-8.19502e-25				1.96722e-45
(395,390)				-9.00198e-25				3.96172e-45
(1074,1053)				-9.06478e-25				6.16412e-45
(566,560)				9.25633e-25				1.56562e-45
(460,456)				9.60873e-25				1.77841e-45
(1119,321)				-9.87515e-25				5.00023e-45
(460,457)				-1.01939e-24				3.72666e-45
(1136,709)				-1.08842e-24				1.1558e-44
(257,236)				1.19463e-24				6.48175e-45
(945,940)				-1.20647e-24				3.12711e-45
(437,402)				1.21955e-24				3.80827e-44
(203,198)				1.22449e-24				1.35171e-44
(662,658)				1.26772e-24				9.21978e-45
(650,633)				1.3428e-24				9.8476e-45
(36,33)				-1.45452e-24				1.46701e-44
(566,561)				1.82039e-24				5.29423e-45
(441,430)				1.82288e-24				2.17461e-44
(668,665)				-1.94104e-24				4.09274e-45
(987,951)				-1.98082e-24				1.16158e-44
(303,300)				-2.07838e-24				1.41411e-44
(379,375)				2.41378e-24				7.79084e-45
(720,684)				-2.41839e-24				1.50891e-44
(833,827)				2.54392e-24				2.38865e-45
(112,109)				2.64786e-24				3.09209e-44
(662,659)				-2.65547e-24				2.17831e-44
(283,278)				-3.46546e-24				5.15811e-45
(929,926)				-3.92998e-24				2.70743e-44
(437,401)				4.4461e-24				1.58418e-44
(987,952)				-4.63738e-24				3.69585e-44
(170,135)				5.26807e-24				2.98554e-44
(720,685)				5.46049e-24				2.57107e-44
(379,376)				6.83742e-24				3.20187e-44
(1119,260)				-6.52696e-20				1.88264e-31
(1117,369)				1.37083e-19				1.00435e-32
(1117,370)				3.26846e-19				1.56716e-30
(1122,1070)				-1.24033e-18				8.45794e-31
(1119,259)				-1.9526e-18				1.50481e-30
(1117,368)				-2.75915e-18				8.90145e-29
(1110,253)				-3.98415e-18				1.08966e-28
(1113,254)				-4.40842e-18				8.40211e-30
(1103,1082)				4.46009e-18				1.52256e-28
(1130,1070)				-5.23517e-18				2.68765e-30
(1122,1071)				5.91414e-18				6.14437e-29
(1113,253)				6.83315e-18				4.53475e-29
(1122,1072)				7.02047e-18				4.04184e-28
(1078,917)				7.32432e-18				5.45304e-25
(1113,520)				1.11953e-17				6.44739e-29
(1119,266)				-1.1513e-17				5.23352e-28
(1117,367)				-1.18109e-17				1.89846e-28
(1107,815)				1.21336e-17				4.4553e-28
(1107,809)				-1.28769e-17				4.28306e-28
(1107,814)				1.28881e-17				1.48454e-27
(1113,523)				1.30721e-17				2.63297e-26
(1117,366)				1.41019e-17				1.0956e-27
(1107,816)				1.46415e-17				2.66475e-28
(1110,254)				-1.52543e-17				4.19447e-29
(1119,102)				1.70283e-17				6.09605e-28
(1103,1083)				1.70324e-17				1.1527e-28
(1119,103)				2.05945e-17				1.69615e-28
(1092,1065)				2.12908e-17				3.8659e-26
(1130,1071)				2.15109e-17				1.70627e-28
(1107,806)				-2.28927e-17				4.63578e-28
(1119,264)				-2.37415e-17				2.83039e-28
(1130,1072)				2.43759e-17				1.12648e-27
(1100,1083)				-2.46951e-17				7.66828e-29
(1117,371)				-2.54449e-17				3.73436e-28
(1117,331)				2.75745e-17				3.78845e-27
(1103,1080)				-2.79165e-17				1.20688e-27
(1107,810)				-2.85229e-17				3.4155e-27
(1103,1076)				2.95205e-17				2.06774e-28
(1107,805)				-2.95549e-17				2.48482e-27
(1107,802)				2.97782e-17				2.54128e-27
(1103,1072)				3.15772e-17				3.06822e-28
(1119,262)				4.01316e-17				9.59629e-27
(1107,801)				4.08132e-17				2.01132e-27
(809,588)				4.15676e-17				4.85835e-25
(1117,332)				-4.72791e-17				1.46519e-27
(1121,652)				-5.14994e-17				2.02539e-27
(811,647)				5.41906e-17				2.76742e-25
(1122,1073)				5.45037e-17				1.41801e-27
(1113,436)				5.53698e-17				5.02163e-26
(1107,813)				5.84404e-17				2.5589e-27
(811,650)				5.92337e-17				6.43068e-25
(548,250)				5.96535e-17				5.78437e-27
(1119,104)				-6.83562e-17				2.97753e-27
(548,251)				-6.89758e-17				3.46899e-26
(1103,1073)				-7.14032e-17				2.50398e-28
(1113,438)				7.14627e-17				4.00321e-27
(1103,1081)				7.51954e-17				5.57453e-28
(1107,804)				7.53976e-17				3.67608e-27
(1122,1076)				-7.74579e-17				2.24223e-25
(1110,169)				-8.08788e-17				2.2562e-26
(1117,526)				8.37998e-17				1.02246e-26
(1110,255)				8.72738e-17				9.19768e-25
(1107,812)				-8.81638e-17				6.56542e-26
(1107,799)				-8.96494e-17				8.83005e-25
(1113,521)				9.18764e-17				1.13026e-26
(1107,808)				9.25454e-17				3.95455e-27
(1110,171)				1.13743e-16				3.8092e-27
(1119,265)				1.15185e-16				2.10303e-27
(1103,1077)				-1.15853e-16				1.68171e-27
(1117,330)				1.17356e-16				7.75268e-26
(1113,264)				-1.38116e-16				3.59868e-25
(1078,916)				1.45675e-16				1.32519e-25
(1107,800)				-1.63679e-16				1.42395e-26
(1103,1068)				1.65507e-16				9.10409e-28
(1092,1067)				1.67924e-16				1.98222e-26
(1103,1071)				1.72054e-16				1.97731e-27
(1130,1073)				1.73571e-16				3.37971e-27
(1113,171)				1.85133e-16				3.1758e-24
(1117,531)				1.87135e-16				8.46685e-26
(1113,174)				-1.91337e-16				1.59235e-26
(1122,991)				1.91488e-16				1.58644e-27
(1103,1067)				1.92964e-16				8.05157e-27
(547,517)				-2.03009e-16				3.27946e-26
(1100,1080)				2.1928e-16				4.17395e-27
(1113,173)				-2.22317e-16				6.35572e-25
(1081,987)				-2.25522e-16				9.71514e-26
(1081,986)				-2.28084e-16				5.09509e-25
(1113,255)				2.29736e-16				1.72472e-26
(548,248)				2.31452e-16				1.63968e-26
(1122,919)				2.36622e-16				3.30291e-27
(1100,920)				2.40657e-16				7.88488e-28
(1119,39)				-2.44089e-16				5.07079e-26
(1122,990)				-2.70155e-16				5.99902e-26
(1100,1082)				-2.71429e-16				2.76788e-28
(1078,914)				-2.78687e-16				3.84854e-25
(1100,1081)				-2.84688e-16				1.64287e-27
(1107,811)				2.86038e-16				9.28453e-26
(1107,798)				-2.91458e-16				1.05012e-25
(1113,256)				-3.01668e-16				3.69497e-26
(1110,172)				3.17258e-16				3.26111e-25
(1113,437)				-3.32528e-16				9.78199e-26
(1103,1079)				-3.6304e-16				3.38358e-26
(1117,529)				3.66672e-16				6.10716e-26
(1110,256)				3.73762e-16				5.80998e-25
(1130,1083)				-3.872e-16				9.31032e-26
(811,651)				-3.87515e-16				1.9395e-25
(1103,1069)				-3.92192e-16				9.23557e-28
(1100,1077)				4.00431e-16				1.72377e-26
(1107,807)				4.18839e-16				2.81457e-25
(1122,989)				4.68656e-16				5.30773e-26
(530,442)				-4.7075e-16				3.64589e-20
(1103,1075)				4.95536e-16				2.07881e-27
(1113,262)				-5.46015e-16				2.37958e-25
(1078,915)				5.48131e-16				7.06284e-26
(989,983)				5.55497e-16				2.20981e-23
(1113,172)				-5.813e-16				6.2516e-25
(1113,439)				5.87205e-16				4.43872e-25
(547,515)				6.05243e-16				6.21688e-26
(547,516)				-6.14323e-16				7.4155e-24
(1100,919)				6.33678e-16				1.11603e-26
(1090,854)				6.35725e-16				1.31124e-22
(1130,991)				6.4995e-16				4.57977e-27
(1122,988)				6.60896e-16				1.66706e-25
(1119,261)				-6.68013e-16				4.54838e-26
(1092,798)				6.73905e-16				7.02007e-26
(1113,522)				6.90179e-16				2.31383e-24
(722,713)				6.92592e-16				8.53066e-21
(1103,1037)				6.98987e-16				1.02872e-24
(171,128)				-7.07007e-16				6.15348e-21
(809,578)				-7.25785e-16				2.47516e-23
(548,249)				-7.60306e-16				1.423e-24
(1117,528)				-7.84824e-16				5.69951e-24
(811,649)				7.97933e-16				1.26943e-25
(1076,855)				8.10803e-16				1.45817e-25
(1078,910)				8.13518e-16				4.44258e-24
(1130,1082)				-8.1475e-16				1.84447e-25
(1103,1065)				-8.16105e-16				3.61123e-26
(1117,527)				-8.33058e-16				4.82282e-25
(1130,990)				-9.33145e-16				1.70959e-25
(1103,1078)				9.44924e-16				4.80101e-26
(797,793)				9.47775e-16				4.6457e-23
(1092,1068)				9.81166e-16				1.10605e-25
(1110,170)				-9.85156e-16				6.70822e-26
(1092,800)				1.04662e-15				3.41802e-26
(1076,846)				1.06472e-15				3.00887e-23
(1117,533)				-1.07873e-15				6.62523e-25
(1130,1080)				1.08853e-15				2.9197e-24
(1130,1076)				-1.09819e-15				4.7467e-25
(1092,1064)				1.10648e-15				9.90582e-25
(1119,40)				1.14986e-15				3.51677e-25
(514,509)				1.16956e-15				1.1245e-22
(1076,847)				1.19335e-15				1.20624e-24
(1107,770)				1.43464e-15				4.04521e-24
(1078,911)				1.44711e-15				9.96519e-25
(537,137)				-1.48988e-15				2.24462e-22
(1113,266)				1.49339e-15				2.24519e-23
(548,247)				1.5049e-15				2.91782e-25
(1117,328)				-1.52814e-15				3.05452e-23
(1117,322)				1.55498e-15				1.76202e-23
(1100,1079)				1.59751e-15				1.5224e-25
(1128,208)				1.60675e-15				9.31468e-22
(1090,856)				-1.62405e-15				4.5651e-23
(1130,986)				1.62585e-15				7.67334e-23
(1113,261)				1.63179e-15				8.52092e-25
(722,714)				1.70634e-15				6.22317e-23
(307,301)				-1.72325e-15				2.08705e-23
(545,35)				1.73632e-15				4.77569e-21
(811,648)				1.754e-15				8.32154e-26
(1130,519)				1.75768e-15				6.56457e-17
(1107,771)				1.76135e-15				1.08349e-24
(1078,918)				1.78248e-15				5.4559e-25
(547,518)				1.78763e-15				1.89173e-25
(1113,440)				1.7916e-15				1.89568e-22
(1090,857)				1.85281e-15				1.46542e-22
(1130,989)				1.85859e-15				1.75916e-25
(1117,329)				1.87953e-15				5.66492e-25
(548,245)				-1.89162e-15				2.64652e-23
(171,119)				-1.94634e-15				1.11629e-20
(1095,804)				-1.95797e-15				3.53792e-25
(171,127)				-1.96785e-15				4.67231e-22
(1092,801)				-2.01374e-15				1.86807e-25
(809,577)				2.02745e-15				6.03146e-22
(1117,532)				-2.03615e-15				5.77021e-25
(1095,803)				-2.1263e-15				7.90956e-25
(1103,1066)				2.14068e-15				2.08301e-25
(1122,1077)				-2.1622e-15				1.37696e-23
(1122,1075)				-2.23545e-15				1.15787e-24
(1119,263)				2.24679e-15				1.71312e-24
(1130,988)				2.2472e-15				6.26551e-25
(1130,706)				-2.28453e-15				1.12935e-20
(649,640)				-2.32003e-15				2.46771e-21
(1103,1074)				2.36616e-15				4.08568e-25
(307,302)				2.37091e-15				3.87831e-22
(1097,920)				2.38531e-15				1.10558e-23
(1122,986)				-2.40698e-15				6.83156e-24
(1100,921)				-2.4696e-15				6.7108e-26
(1121,653)				2.48735e-15				1.41115e-25
(1130,1081)				-2.511e-15				1.0373e-24
(1105,322)				2.55579e-15				4.19957e-23
(1113,265)				-2.63137e-15				6.31059e-24
(1107,772)				2.65923e-15				1.89393e-23
(548,252)				-2.6989e-15				3.6224e-25
(1078,913)				2.75454e-15				3.64437e-24
(1068,1021)				2.83244e-15				3.21341e-20
(1107,773)				2.83435e-15				1.55821e-24
(857,851)				-2.84243e-15				2.90115e-23
(990,946)				3.00195e-15				3.1502e-21
(547,514)				-3.08286e-15				1.62374e-24
(547,519)				3.20328e-15				1.58568e-24
(1121,260)				-3.25222e-15				7.05938e-22
(1107,803)				-3.28427e-15				1.93124e-23
(1113,260)				-3.33018e-15				5.04804e-24
(989,981)				3.33983e-15				3.68613e-23
(1078,905)				-3.36439e-15				7.01421e-22
(1092,1066)				-3.36564e-15				3.87134e-24
(1092,1062)				-3.45569e-15				9.31324e-23
(809,576)				3.48665e-15				2.41502e-22
(545,37)				-3.54843e-15				1.41201e-22
(722,716)				3.63437e-15				5.14843e-23
(1103,1036)				3.64476e-15				2.44486e-23
(248,216)				3.70724e-15				9.05385e-22
(811,642)				3.86555e-15				9.04582e-23
(1076,901)				3.89443e-15				7.74689e-23
(1078,912)				3.90785e-15				1.95132e-23
(857,852)				3.92676e-15				5.04974e-22
(1122,920)				-3.93727e-15				4.03544e-25
(1100,1076)				3.95692e-15				1.63216e-25
(809,580)				-3.99052e-15				2.70948e-24
(171,121)				-4.02872e-15				2.13289e-21
(1113,259)				-4.03532e-15				5.59473e-24
(814,720)				-4.09858e-15				1.09407e-25
(1092,797)				-4.11807e-15				1.61414e-24
(1100,1078)				-4.1629e-15				2.32744e-25
(1092,1069)				-4.31596e-15				1.22734e-24
(814,719)				4.32869e-15				6.33384e-25
(1092,802)				-4.32958e-15				2.02403e-24
(1130,1077)				4.36709e-15				3.82389e-24
(1122,527)				-4.38404e-15				1.97759e-22
(1092,1063)				-4.44927e-15				4.75003e-24
(1119,41)				-4.50275e-15				4.14985e-25
(1113,525)				-4.66451e-15				4.77383e-24
(1090,853)				-4.66944e-15				1.09038e-22
(1077,840)				4.95963e-15				4.12893e-24
(1103,1040)				-4.96028e-15				6.15444e-25
(1101,55)				4.98371e-15				7.57366e-24
(1090,855)				-5.05987e-15				1.90768e-21
(1097,919)				5.23499e-15				5.26059e-24
(1064,1059)				5.26255e-15				1.12957e-22
(1119,16)				5.77143e-15				9.42427e-25
(989,982)				5.82083e-15				7.60455e-22
(536,137)				5.86034e-15				2.95322e-22
(1078,909)				6.03608e-15				1.08992e-22
(1122,1080)				6.05314e-15				1.47873e-23
(1103,1070)				-6.09141e-15				1.27851e-24
(1071,1054)				6.189e-15				4.68342e-22
(590,584)				6.24179e-15				1.58216e-23
(1065,1033)				-6.30018e-15				6.96338e-22
(1077,832)				-6.42927e-15				2.01546e-21
(548,246)				-6.45524e-15				2.43051e-24
(810,567)				6.53961e-15				5.74182e-22
(539,140)				-6.83029e-15				1.24009e-20
(1103,1038)				-6.83436e-15				1.93277e-25
(545,36)				-7.43433e-15				8.12528e-23
(590,585)				7.46448e-15				6.89109e-22
(1122,917)				-7.47701e-15				6.22965e-22
(332,327)				7.49847e-15				1.87367e-22
(1130,1075)				-7.57423e-15				3.00269e-24
(916,906)				7.71891e-15				8.58646e-22
(1095,914)				7.82739e-15				1.99778e-21
(248,230)				7.9391e-15				2.39093e-20
(1110,167)				8.26709e-15				2.96466e-22
(533,374)				-8.56352e-15				3.50005e-20
(1099,566)				-8.60188e-15				1.35467e-23
(256,122)				-8.74205e-15				5.58155e-20
(722,715)				-8.7864e-15				3.64686e-22
(1084,667)				-8.79821e-15				2.54835e-24
(1106,322)				-8.80575e-15				5.16936e-22
(545,39)				8.84498e-15				5.07336e-23
(1119,15)				-8.93748e-15				5.45878e-24
(1100,857)				-9.1532e-15				1.88e-24
(615,611)				-9.19093e-15				3.91002e-23
(1097,916)				-9.20016e-15				4.96043e-22
(547,511)				-9.22553e-15				3.60263e-22
(1119,18)				9.57544e-15				5.96592e-24
(1117,321)				-9.96085e-15				3.4829e-22
(545,40)				1.02409e-14				1.29434e-22
(811,643)				-1.0392e-14				4.50616e-24
(541,17)				-1.05849e-14				1.47669e-21
(809,579)				-1.08132e-14				1.96898e-23
(514,511)				-1.09086e-14				3.2649e-22
(814,716)				1.11495e-14				1.19627e-21
(1092,799)				-1.11905e-14				6.39504e-24
(172,166)				-1.12579e-14				2.54425e-23
(858,853)				1.17976e-14				3.20306e-21
(439,431)				-1.26677e-14				3.8388e-23
(534,117)				-1.27941e-14				6.22241e-24
(1130,1079)				1.30002e-14				7.22829e-23
(1090,858)				1.31697e-14				2.83725e-21
(1122,1083)				-1.33254e-14				2.93628e-23
(1081,984)				-1.35366e-14				1.27859e-21
(803,655)				1.35433e-14				1.31694e-21
(1113,434)				-1.36306e-14				3.11131e-22
(1130,528)				-1.38826e-14				1.1516e-17
(811,644)				-1.39044e-14				1.30314e-24
(1117,320)				-1.40029e-14				3.58704e-23
(1103,1039)				1.42306e-14				8.38585e-24
(1099,550)				-1.52195e-14				7.13568e-23
(804,777)				1.55277e-14				1.18766e-22
(1100,856)				-1.57089e-14				8.78119e-25
(1128,206)				1.58885e-14				1.64765e-21
(651,613)				1.61174e-14				3.0219e-22
(723,679)				1.6143e-14				3.11444e-21
(1070,923)				1.62494e-14				5.81622e-21
(1107,765)				-1.65928e-14				6.38252e-22
(1107,769)				1.69212e-14				7.28887e-23
(537,364)				1.72024e-14				1.32401e-22
(615,610)				-1.72789e-14				2.2604e-22
(537,343)				1.74793e-14				2.51962e-22
(248,231)				1.79205e-14				1.93512e-19
(1113,524)				-1.79993e-14				2.14615e-22
(1113,258)				-1.81491e-14				6.88616e-24
(1064,1060)				1.8265e-14				2.48571e-23
(65,60)				-1.835e-14				1.39304e-22
(1085,1028)				1.88195e-14				3.71109e-20
(1126,967)				-1.88412e-14				1.40901e-20
(1110,173)				-1.89664e-14				7.59929e-23
(1130,531)				1.94561e-14				1.16027e-17
(649,639)				-1.96122e-14				7.93977e-22
(1099,564)				-1.97481e-14				1.74699e-20
(1095,954)				1.98257e-14				3.32272e-22
(65,61)				-1.98561e-14				4.79846e-23
(544,99)				1.99252e-14				3.1955e-21
(367,317)				2.01433e-14				1.78836e-22
(1073,1004)				-2.03361e-14				1.06716e-20
(1090,851)				-2.0371e-14				2.32004e-19
(804,783)				-2.05307e-14				1.99623e-21
(858,851)				2.09002e-14				3.29412e-21
(439,433)				-2.1739e-14				1.64028e-23
(651,596)				-2.22253e-14				5.2214e-21
(1093,934)				-2.22737e-14				7.48629e-22
(1107,764)				2.27585e-14				1.59751e-22
(1070,922)				-2.29518e-14				4.75245e-22
(1110,258)				-2.30601e-14				9.67807e-24
(541,211)				2.31434e-14				5.74505e-21
(1068,1039)				2.32225e-14				8.54147e-21
(531,359)				2.3239e-14				7.60199e-22
(1065,1034)				2.33226e-14				2.66744e-21
(1119,17)				2.33535e-14				4.2209e-23
(752,731)				2.3387e-14				1.19398e-20
(1122,862)				-2.34443e-14				1.86337e-22
(1071,1044)				2.36188e-14				2.89711e-22
(1095,806)				2.38545e-14				4.04802e-21
(811,646)				-2.40174e-14				1.92149e-24
(962,957)				-2.42074e-14				4.02365e-19
(810,573)				-2.48597e-14				3.44179e-24
(1081,983)				2.56169e-14				1.29735e-21
(1122,526)				2.60344e-14				1.59217e-21
(811,645)				-2.62435e-14				1.78213e-23
(1100,833)				2.63705e-14				3.99802e-24
(858,832)				2.6501e-14				1.45727e-19
(545,305)				-2.65402e-14				2.9174e-21
(1095,893)				2.65503e-14				5.22402e-23
(1122,1074)				-2.66244e-14				3.35459e-22
(804,787)				-2.66571e-14				3.64848e-22
(1122,921)				2.71599e-14				9.01935e-23
(306,291)				2.80684e-14				2.95661e-22
(1138,652)				2.81238e-14				3.05602e-22
(1113,257)				2.84152e-14				5.41811e-22
(1097,893)				-2.87612e-14				1.17496e-22
(262,178)				-2.88031e-14				2.21355e-20
(1122,960)				2.88249e-14				6.2968e-21
(858,852)				-2.88733e-14				5.73375e-20
(1130,518)				-2.91052e-14				2.00005e-17
(1130,529)				2.91136e-14				6.04576e-18
(367,330)				-3.01629e-14				1.07942e-22
(1122,987)				3.09244e-14				8.77729e-23
(1097,914)				-3.14252e-14				2.49331e-22
(366,348)				3.1745e-14				3.19205e-22
(1081,985)				-3.18372e-14				1.02522e-22
(1130,527)				3.18558e-14				6.22788e-17
(247,243)				-3.19191e-14				3.19421e-23
(1100,834)				3.1923e-14				5.35874e-22
(1090,852)				-3.21439e-14				4.36785e-21
(809,635)				-3.2179e-14				6.1274e-21
(1122,916)				3.22445e-14				1.33235e-22
(1113,263)				-3.25866e-14				1.46324e-21
(1092,795)				-3.28536e-14				9.11625e-23
(531,355)				-3.3236e-14				5.91134e-21
(99,81)				-3.35585e-14				9.61827e-23
(514,510)				3.38596e-14				4.06103e-23
(65,62)				-3.39725e-14				3.44689e-22
(541,18)				3.3975e-14				4.21787e-21
(1096,686)				-3.42012e-14				1.95466e-20
(1114,159)				-3.42185e-14				9.09498e-20
(518,475)				3.43725e-14				8.4382e-21
(1102,55)				-3.44954e-14				4.02451e-22
(1101,51)				-3.45051e-14				2.72708e-23
(366,345)				-3.45256e-14				6.36836e-21
(1130,517)				3.46583e-14				1.56102e-17
(1095,805)				-3.46755e-14				6.68365e-22
(1110,257)				3.48663e-14				7.53066e-22
(1130,1078)				-3.49205e-14				1.05227e-22
(440,396)				-3.50619e-14				3.34787e-21
(100,90)				3.54043e-14				2.22809e-21
(547,504)				-3.58356e-14				2.01194e-20
(990,945)				3.61901e-14				7.39427e-21
(1077,834)				-3.63676e-14				6.96471e-22
(1130,962)				-3.77532e-14				8.85879e-22
(1122,1081)				-3.85075e-14				9.29837e-23
(590,583)				3.8549e-14				7.52763e-21
(989,980)				3.86146e-14				6.97896e-21
(1117,530)				3.95342e-14				1.83078e-21
(650,631)				-4.00763e-14				7.26038e-21
(1073,1003)				4.11075e-14				1.9001e-19
(332,328)				-4.14271e-14				4.68631e-23
(1095,892)				-4.18727e-14				1.25312e-20
(1105,319)				4.23224e-14				6.1976e-22
(307,300)				4.30379e-14				7.6363e-21
(1077,838)				4.32023e-14				3.75789e-23
(251,204)				-4.32332e-14				4.09372e-20
(857,850)				4.34773e-14				7.47252e-21
(1092,796)				4.39365e-14				1.06968e-23
(1130,522)				4.46673e-14				5.49993e-17
(1130,523)				4.54985e-14				9.33899e-18
(100,50)				4.56442e-14				2.52055e-22
(100,63)				4.57136e-14				1.03778e-22
(1122,605)				4.59553e-14				4.06901e-22
(1132,480)				-4.63505e-14				2.65345e-21
(882,878)				-4.65848e-14				3.42083e-23
(1064,1061)				4.67446e-14				1.71414e-22
(1113,169)				-4.75298e-14				5.50513e-22
(882,877)				-4.76534e-14				1.67413e-22
(1116,51)				-4.77667e-14				1.9297e-22
(531,354)				4.84848e-14				1.81732e-21
(1110,168)				4.85132e-14				8.70566e-22
(40,34)				4.88831e-14				1.88511e-23
(545,38)				4.90248e-14				2.51615e-21
(1122,370)				-4.94974e-14				1.38097e-19
(172,163)				-4.96928e-14				7.53767e-21
(1068,1025)				-5.00706e-14				1.2499e-20
(397,391)				5.06985e-14				3.5616e-20
(1122,1079)				-5.0722e-14				3.293e-22
(1103,1031)				-5.16245e-14				5.87385e-23
(1129,698)				-5.16989e-14				6.50041e-22
(681,676)				-5.17431e-14				1.61669e-20
(810,559)				5.18684e-14				6.76198e-21
(1081,901)				5.20964e-14				1.29925e-20
(1095,724)				-5.21875e-14				7.22449e-22
(1111,435)				-5.26256e-14				4.33202e-21
(914,885)				-5.27513e-14				8.1419e-21
(916,907)				5.27852e-14				2.6882e-21
(1121,654)				5.35204e-14				2.59664e-23
(537,365)				5.4091e-14				3.11546e-22
(797,794)				5.41877e-14				3.38656e-22
(1078,904)				5.44059e-14				2.10349e-22
(1100,858)				-5.46612e-14				8.9968e-24
(1130,10)				5.47354e-14				5.06223e-20
(259,84)				5.49621e-14				1.7568e-21
(1121,595)				-5.50342e-14				7.02671e-23
(523,454)				5.52367e-14				7.84522e-21
(547,513)				5.53606e-14				8.45568e-24
(721,677)				5.55733e-14				5.36819e-22
(1130,700)				5.57709e-14				8.7022e-21

------------------------------------The last 1000 supernode-----------------------------------------

(63,63)				0.111697				107.45
(1086,1086)				0.111871				48.6027
(1094,1094)				0.112083				61.233
(220,220)				0.112933				96.6547
(919,919)				0.113141				67.5604
(1101,1101)				0.115129				28.9057
(916,916)				0.116002				69.3447
(247,247)				0.116155				187.948
(1108,1108)				0.116323				33.3764
(103,103)				0.116988				116.2
(880,880)				0.117032				107.374
(1069,1069)				0.11748				26.4912
(1125,1125)				0.118036				22.0693
(989,989)				0.119409				24.9607
(252,252)				0.119435				25.6271
(1120,1120)				0.119658				40.9775
(647,647)				0.120858				119.489
(222,222)				0.121093				105.154
(261,261)				0.121449				83.7109
(1068,1068)				0.122261				55.0164
(814,814)				0.125641				51.5872
(802,802)				0.126172				26.5639
(260,260)				0.126384				21.7354
(528,528)				0.127054				80.4424
(250,250)				0.127451				114.977
(721,721)				0.127641				103.18
(663,663)				0.12784				182.022
(753,753)				0.128039				11.4687
(535,535)				0.128931				96.7004
(857,857)				0.129013				100.505
(248,248)				0.1293				100.318
(130,130)				0.129533				117.734
(986,986)				0.129671				102.754
(973,973)				0.129872				140.513
(256,256)				0.130248				66.7385
(1039,1039)				0.130704				94.062
(800,800)				0.130779				113.173
(878,878)				0.132049				119.497
(1073,1073)				0.132484				67.0099
(330,330)				0.132638				110.225
(99,99)				0.133487				107.169
(816,816)				0.133504				31.5735
(262,262)				0.133712				49.9636
(856,856)				0.134279				77.1683
(772,772)				0.134392				99.348
(1020,1020)				0.135085				10.2554
(653,653)				0.135644				115.777
(171,171)				0.136156				111.56
(203,203)				0.136555				10.4381
(589,589)				0.13815				78.5586
(169,169)				0.138889				105.062
(95,95)				0.139248				101.806
(652,652)				0.139349				65.5778
(567,567)				0.13965				107.734
(717,717)				0.139735				109.936
(694,694)				0.13979				179.792
(264,264)				0.140099				46.5827
(1081,1081)				0.140302				51.1402
(306,306)				0.140546				73.096
(510,510)				0.140773				114.873
(737,737)				0.141598				181.084
(1065,1065)				0.142617				102.891
(517,517)				0.14452				109.191
(129,129)				0.145151				185.698
(750,750)				0.145318				167.744
(812,812)				0.145532				59.5319
(893,893)				0.146469				178.284
(523,523)				0.146608				67.4944
(803,803)				0.147091				65.4556
(1079,1079)				0.14792				60.258
(512,512)				0.147997				115.173
(243,243)				0.1481				113.328
(679,679)				0.148245				182.208
(529,529)				0.14851				47.8141
(1121,1121)				0.148625				58.3497
(806,806)				0.148647				67.3048
(469,469)				0.149359				131.073
(680,680)				0.150568				106.924
(651,651)				0.151075				11.7841
(590,590)				0.151852				90.5872
(1060,1060)				0.15192				110.331
(370,370)				0.155347				106.329
(846,846)				0.155549				141.136
(1084,1084)				0.155856				131.86
(396,396)				0.156436				168.622
(434,434)				0.156891				109.224
(834,834)				0.15808				109.761
(254,254)				0.15999				45.5464
(534,534)				0.160562				69.3036
(366,366)				0.161011				113.175
(770,770)				0.16114				101.49
(251,251)				0.162732				56.6662
(536,536)				0.163506				49.7533
(645,645)				0.163589				94.5894
(17,17)				0.164951				109.776
(809,809)				0.165024				106.285
(38,38)				0.166093				170.665
(284,284)				0.166185				110.617
(918,918)				0.16849				10.513
(681,681)				0.169433				34.1288
(751,751)				0.169798				174.98
(487,487)				0.170364				101.921
(41,41)				0.171155				15.1783
(1019,1019)				0.171856				138.884
(643,643)				0.172292				95.3321
(917,917)				0.173543				107.438
(920,920)				0.174074				113.906
(613,613)				0.175553				109.372
(591,591)				0.175924				13.4691
(308,308)				0.176181				12.4528
(948,948)				0.176207				34.877
(892,892)				0.177467				179.648
(296,296)				0.178032				144.624
(946,946)				0.179002				191.345
(929,929)				0.179397				214.212
(542,542)				0.179512				53.5855
(738,738)				0.179599				173.964
(489,489)				0.180262				96.6752
(259,259)				0.181763				199.186
(579,579)				0.182654				133.313
(332,332)				0.183183				179.789
(156,156)				0.1833				143.377
(245,245)				0.183592				111.254
(131,131)				0.184471				35.1246
(411,411)				0.190253				175.621
(706,706)				0.190358				143.142
(858,858)				0.19153				19.289
(1004,1004)				0.193515				181.994
(1076,1076)				0.193827				108.258
(360,360)				0.194715				107.507
(962,962)				0.195266				177.244
(398,398)				0.196464				34.0784
(187,187)				0.196466				184.173
(804,804)				0.196486				43.3144
(539,539)				0.196522				72.3287
(626,626)				0.197616				187.096
(752,752)				0.198449				236.961
(984,984)				0.202053				110.321
(144,144)				0.202077				172.068
(716,716)				0.202323				176.967
(423,423)				0.203473				129.62
(167,167)				0.204134				109.924
(983,983)				0.204881				172.256
(798,798)				0.20506				93.687
(515,515)				0.206815				90.2483
(348,348)				0.20706				579.349
(467,467)				0.208275				167.496
(188,188)				0.208807				169.333
(76,76)				0.21309				183.393
(585,585)				0.214471				196.968
(368,368)				0.215559				33.9984
(127,127)				0.215912				454.894
(145,145)				0.21701				172.874
(328,328)				0.21875				117.943
(97,97)				0.221162				117.021
(364,364)				0.221591				116.393
(305,305)				0.22213				181.044
(180,180)				0.222865				471.052
(797,797)				0.223088				190.797
(1140,1140)				0.22571				8.91776
(342,342)				0.230502				165.249
(1005,1005)				0.230692				181.536
(37,37)				0.231612				201.737
(695,695)				0.233721				168.878
(823,823)				0.235243				170.086
(166,166)				0.235266				170.535
(455,455)				0.237022				191.114
(615,615)				0.238307				194.368
(526,526)				0.240992				204.648
(930,930)				0.243089				166.1
(200,200)				0.244107				173.82
(625,625)				0.244411				169.079
(201,201)				0.245379				184.804
(1018,1018)				0.247104				179.615
(588,588)				0.249037				173.217
(6,6)				0.250492				183.137
(433,433)				0.253204				156.625
(678,678)				0.256489				189.134
(412,412)				0.25681				184.565
(468,468)				0.257523				184.173
(65,65)				0.262365				191.313
(75,75)				0.265335				166.826
(113,113)				0.267928				172.804
(395,395)				0.26994				185.714
(454,454)				0.270601				176.476
(101,101)				0.274581				38.9151
(961,961)				0.278981				175.657
(379,379)				0.281968				212.891
(283,283)				0.282076				190.386
(494,494)				0.290507				939.515
(867,867)				0.294503				595.793
(343,343)				0.29524				187.578
(855,855)				0.295843				174.717
(304,304)				0.299761				202.634
(385,385)				0.303806				195.263
(769,769)				0.304912				520.678
(556,556)				0.309741				175.874
(202,202)				0.314278				246.001
(81,81)				0.318503				588.555
(128,128)				0.330197				190.191
(380,380)				0.341496				187.86
(707,707)				0.341509				39.5911
(165,165)				0.341541				196.898
(112,112)				0.347263				216.067
(431,431)				0.348832				912.809
(302,302)				0.349995				197.023
(237,237)				0.36336				447.994
(715,715)				0.3636				195.377
(605,605)				0.37243				532.026
(833,833)				0.375676				186.404
(432,432)				0.3758				198.772
(945,945)				0.384597				189.791
(35,35)				0.387296				194.061
(118,118)				0.390062				198.225
(16,16)				0.393232				192.99
(242,242)				0.396054				435.883
(193,193)				0.399779				236.062
(15,15)				0.403525				560.978
(872,872)				0.411421				522.304
(974,974)				0.412127				37.3216
(730,730)				0.412916				462.071
(297,297)				0.413887				36.0372
(852,852)				0.416138				197.289
(1049,1049)				0.422775				449.496
(600,600)				0.425843				433.633
(504,504)				0.432511				446.175
(1010,1010)				0.433818				235.597
(353,353)				0.438963				460.527
(668,668)				0.446108				195.237
(509,509)				0.44654				473.716
(361,361)				0.449691				55.0251
(743,743)				0.457907				234.77
(787,787)				0.460609				470.128
(23,23)				0.46472				443.14
(749,749)				0.465002				906.561
(460,460)				0.46813				235.313
(290,290)				0.474248				422.794
(662,662)				0.474675				212.012
(631,631)				0.484761				545.332
(221,221)				0.486583				39.8963
(91,91)				0.491888				996.014
(782,782)				0.498009				424.414
(86,86)				0.505824				475.136
(773,773)				0.509451				88.2154
(223,223)				0.513111				85.756
(854,854)				0.516761				204.241
(987,987)				0.519663				51.4219
(943,943)				0.523477				427.848
(488,488)				0.524067				41.022
(486,486)				0.524453				549.939
(935,935)				0.524963				207.22
(393,393)				0.525875				449.628
(384,384)				0.527806				960.522
(792,792)				0.529769				432.154
(710,710)				0.544448				899.523
(610,610)				0.545214				461.859
(832,832)				0.547218				451.198
(363,363)				0.554552				88.2148
(475,475)				0.559133				594.794
(45,45)				0.559169				955.249
(50,50)				0.561014				522.228
(295,295)				0.56831				467.723
(424,424)				0.569468				44.8637
(96,96)				0.573823				85.8063
(580,580)				0.576087				40.4331
(493,493)				0.577474				954.208
(322,322)				0.577496				530.966
(847,847)				0.578123				39.4986
(213,213)				0.580949				523.385
(341,341)				0.582726				924.514
(845,845)				0.589994				458.825
(972,972)				0.594351				453.149
(835,835)				0.598637				84.6016
(583,583)				0.599711				966.18
(644,644)				0.600802				51.4298
(208,208)				0.602637				587.218
(281,281)				0.606497				636.613
(911,911)				0.611891				57.187
(317,317)				0.616292				462.261
(831,831)				0.618495				632.787
(5,5)				0.623744				897.094
(763,763)				0.624983				474.158
(967,967)				0.627302				422.385
(1013,1013)				0.638058				910.133
(566,566)				0.638109				191.35
(170,170)				0.640795				47.2189
(92,92)				0.642543				525.057
(226,226)				0.643667				939.344
(490,490)				0.644518				88.4334
(578,578)				0.646401				440.392
(693,693)				0.647486				918.146
(327,327)				0.649779				457.378
(196,196)				0.650825				912.088
(687,687)				0.655927				485.947
(1038,1038)				0.656239				41.4217
(18,18)				0.656774				72.3033
(44,44)				0.661607				952.699
(771,771)				0.664902				40.8419
(568,568)				0.666024				77.8875
(28,28)				0.667723				500.904
(718,718)				0.673326				69.6895
(909,909)				0.673957				567.377
(435,435)				0.676496				79.6297
(163,163)				0.687649				950.128
(646,646)				0.688922				91.1234
(913,913)				0.689224				91.5564
(480,480)				0.69232				531.514
(1025,1025)				0.695176				587.32
(954,954)				0.698448				439.502
(246,246)				0.699024				76.6165
(903,903)				0.703071				540.836
(55,55)				0.706055				524.434
(499,499)				0.708623				420.106
(1059,1059)				0.710452				451.798
(676,676)				0.714234				466.401
(137,137)				0.71505				483.113
(1030,1030)				0.719005				439.904
(126,126)				0.721554				434.468
(62,62)				0.721709				131.083
(14,14)				0.722065				618.503
(1063,1063)				0.722302				73.4723
(982,982)				0.724886				195.413
(565,565)				0.725469				450.629
(1016,1016)				0.730647				909.897
(513,513)				0.73135				74.304
(648,648)				0.732285				83.9004
(150,150)				0.736078				429.979
(437,437)				0.736651				49.6652
(383,383)				0.738947				854.51
(94,94)				0.739034				40.588
(157,157)				0.739719				40.2455
(232,232)				0.739963				569.207
(365,365)				0.742263				85.0642
(587,587)				0.742578				200.879
(700,700)				0.744539				432.903
(422,422)				0.745763				426.903
(573,573)				0.749702				435.268
(960,960)				0.750777				911.342
(2,2)				0.758856				907.917
(64,64)				0.760989				75.7495
(686,686)				0.765795				915.875
(881,881)				0.771951				71.535
(661,661)				0.773371				951.297
(794,794)				0.783222				141.815
(621,621)				0.784113				908.726
(447,447)				0.784283				432.956
(885,885)				0.793686				904.432
(1054,1054)				0.794609				443.445
(746,746)				0.794871				905.425
(877,877)				0.796143				473.114
(244,244)				0.796296				131.505
(155,155)				0.796651				451.767
(898,898)				0.800308				547.153
(677,677)				0.800373				586.031
(394,394)				0.803989				437.999
(71,71)				0.805341				902.059
(417,417)				0.81086				441.67
(30,30)				0.814063				39.0646
(985,985)				0.814446				71.9667
(282,282)				0.814882				557.093
(614,614)				0.822319				91.5707
(636,636)				0.823188				496.536
(705,705)				0.824939				469.258
(584,584)				0.825506				899.895
(997,997)				0.833356				447.713
(374,374)				0.837672				885.102
(168,168)				0.848268				67.1118
(186,186)				0.850282				925.568
(758,758)				0.852646				573.3
(110,110)				0.855514				910.689
(944,944)				0.856385				537.087
(34,34)				0.858493				881.191
(861,861)				0.859246				942.862
(329,329)				0.86007				134.849
(511,511)				0.86412				127.064
(796,796)				0.865214				81.4219
(1061,1061)				0.866501				125.09
(143,143)				0.867247				917.505
(359,359)				0.871042				529.339
(720,720)				0.873176				45.9026
(559,559)				0.875421				889.528
(335,335)				0.880968				900.769
(404,404)				0.883574				478.37
(459,459)				0.884788				938.17
(826,826)				0.886209				889.644
(107,107)				0.89117				916.705
(660,660)				0.896861				886.756
(285,285)				0.911538				68.8349
(1044,1044)				0.922146				946.164
(1043,1043)				0.923417				954.96
(1000,1000)				0.927647				895.354
(441,441)				0.936332				122.455
(915,915)				0.942334				74.1865
(879,879)				0.957324				132.356
(776,776)				0.965704				956.474
(612,612)				0.965764				142.682
(996,996)				0.966202				929.522
(303,303)				0.967276				940.285
(388,388)				0.970536				906.726
(183,183)				0.973226				900.322
(840,840)				0.974816				476.349
(924,924)				0.979946				914.9
(1040,1040)				0.98052				90.6552
(98,98)				0.988486				87.3593
(219,219)				0.989635				552.344
(586,586)				0.989958				981.589
(301,301)				0.993719				880.389
(934,934)				1.00228				933.505
(331,331)				1.00508				80.3258
(390,390)				1.01655				1551.07
(179,179)				1.02598				958.587
(657,657)				1.04302				909.476
(888,888)				1.05467				900.939
(624,624)				1.06374				926.565
(1035,1035)				1.06719				1090.01
(60,60)				1.07106				450.467
(164,164)				1.072				891.086
(594,594)				1.076				937.859
(227,227)				1.08169				968.486
(191,191)				1.09557				872.004
(1036,1036)				1.09758				574.086
(618,618)				1.09846				923.476
(410,410)				1.10261				918.113
(276,276)				1.10289				901.069
(819,819)				1.10665				922.171
(953,953)				1.11084				961.265
(269,269)				1.11418				882.486
(218,218)				1.11515				1037.3
(642,642)				1.11582				558.905
(1003,1003)				1.12101				927.955
(981,981)				1.12589				891.212
(174,174)				1.13593				120.336
(116,116)				1.14585				882.054
(463,463)				1.14905				901.303
(853,853)				1.15				943.7
(862,862)				1.15135				968.51
(891,891)				1.153				905.515
(671,671)				1.15469				902.923
(458,458)				1.15658				875.104
(564,564)				1.16581				591.608
(377,377)				1.16582				912.259
(741,741)				1.17139				863.276
(33,33)				1.17395				964.774
(851,851)				1.17959				885.604
(378,378)				1.18769				961.782
(1075,1075)				1.19477				79.1974
(733,733)				1.20231				906.173
(690,690)				1.2131				895.24
(977,977)				1.21361				924.96
(957,957)				1.23853				908.621
(312,312)				1.23968				962.51
(714,714)				1.23996				880.794
(1008,1008)				1.24791				878.562
(427,427)				1.25224				902.705
(416,416)				1.25324				1473.82
(1009,1009)				1.265				954.334
(338,338)				1.26575				893.857
(991,991)				1.26888				113.397
(555,555)				1.26959				924.69
(136,136)				1.27026				927.721
(822,822)				1.27737				923.509
(192,192)				1.27751				933.936
(36,36)				1.28062				936.639
(403,403)				1.28148				960.683
(724,724)				1.28149				109.642
(140,140)				1.29575				891.451
(818,818)				1.30387				1586.97
(407,407)				1.31645				894.055
(525,525)				1.31648				62.2758
(729,729)				1.32987				950.569
(736,736)				1.33427				913.397
(938,938)				1.33602				891.975
(430,430)				1.34704				935.719
(358,358)				1.35259				952.786
(742,742)				1.35261				936.229
(558,558)				1.35533				1708.55
(552,552)				1.35882				927.213
(933,933)				1.35996				864.143
(121,121)				1.3604				899.663
(908,908)				1.37551				968.876
(508,508)				1.37822				1357.68
(667,667)				1.38089				928.568
(466,466)				1.3848				921.719
(217,217)				1.38993				1552.81
(777,777)				1.39501				961.355
(850,850)				1.40542				918.855
(446,446)				1.40875				924.686
(258,258)				1.40972				71.1088
(450,450)				1.41763				906.317
(666,666)				1.42058				855.08
(311,311)				1.42154				947.969
(927,927)				1.4279				901.576
(272,272)				1.43107				903.895
(85,85)				1.44535				1404.38
(980,980)				1.44765				950.053
(68,68)				1.45083				906.501
(199,199)				1.45536				909.234
(453,453)				1.45871				914.982
(9,9)				1.46761				890.199
(928,928)				1.51831				947.69
(595,595)				1.53508				950.366
(485,485)				1.56052				1068.84
(111,111)				1.56427				971.034
(808,808)				1.58109				96.4692
(768,768)				1.60571				1052.21
(1058,1058)				1.60646				1327.45
(117,117)				1.62508				953.707
(300,300)				1.64219				923.787
(641,641)				1.66685				969.192
(570,570)				1.68286				1522.87
(781,781)				1.68711				1444.41
(713,713)				1.6893				941.598
(74,74)				1.71221				918.647
(659,659)				1.7154				1359.03
(1,1)				1.77239				1524.78
(656,656)				1.77834				1565.79
(83,83)				1.82989				1376.14
(160,160)				1.8698				883.715
(1027,1027)				1.89428				1549.5
(732,732)				1.96703				1320.48
(683,683)				2.00911				1670.14
(465,465)				2.05772				1608.5
(27,27)				2.06261				1653.94
(789,789)				2.08433				1489.52
(350,350)				2.0864				1424.47
(551,551)				2.09717				1523.76
(278,278)				2.13279				1684.86
(839,839)				2.20277				1472.92
(195,195)				2.21184				1359.22
(414,414)				2.21359				1592.22
(70,70)				2.23474				1413.53
(628,628)				2.23645				1684.25
(4,4)				2.25709				1434.23
(352,352)				2.26709				1302.37
(299,299)				2.28089				1350.48
(884,884)				2.28509				1573.16
(67,67)				2.28605				1684.14
(162,162)				2.29398				1317.59
(617,617)				2.29796				1615.18
(73,73)				2.30813				1228.8
(697,697)				2.31442				1558.65
(392,392)				2.34328				1893.94
(326,326)				2.35797				1316.02
(241,241)				2.37049				1336.2
(1053,1053)				2.37715				1627.33
(895,895)				2.38092				1553.93
(409,409)				2.38494				1324.37
(604,604)				2.40036				1442.35
(207,207)				2.4102				1959.5
(844,844)				2.42964				1529.72
(876,876)				2.43151				1398.14
(347,347)				2.43452				1765.73
(638,638)				2.45794				2150.64
(702,702)				2.48425				1629.82
(932,932)				2.4922				1359
(210,210)				2.51017				1604.53
(675,675)				2.54018				1886.41
(319,319)				2.55693				1934.58
(292,292)				2.56014				1562.53
(821,821)				2.56368				1426.9
(472,472)				2.58062				1622.74
(689,689)				2.58819				1363.13
(316,316)				2.60223				1191.81
(25,25)				2.6041				1608.33
(310,310)				2.61164				1564.29
(225,225)				2.61554				1545.72
(969,969)				2.62486				1538.85
(842,842)				2.62603				1524.07
(593,593)				2.63976				1644.05
(11,11)				2.65634				1646.86
(400,400)				2.65709				1611.24
(995,995)				2.67201				1463.14
(212,212)				2.67427				1254.17
(22,22)				2.68329				1509.12
(443,443)				2.70395				1562.5
(109,109)				2.70951				1300.84
(837,837)				2.71061				1544.66
(554,554)				2.74257				1344.36
(597,597)				2.74697				1605.39
(959,959)				2.75498				1292.89
(561,561)				2.779				1625.25
(726,726)				2.78879				1626.88
(268,268)				2.78995				1425.1
(760,760)				2.79421				1618.66
(607,607)				2.81126				1515.54
(692,692)				2.81202				1380.59
(830,830)				2.81365				1711.29
(609,609)				2.82636				1362.4
(940,940)				2.83584				1528.68
(231,231)				2.837				1362.13
(449,449)				2.84714				1371.53
(484,484)				2.85415				1453.96
(474,474)				2.87525				1998.98
(926,926)				2.88001				1282.61
(8,8)				2.8819				1666.98
(205,205)				2.88857				1639.33
(1015,1015)				2.89499				1454.86
(952,952)				2.90255				1312.91
(159,159)				2.91192				1549.76
(135,135)				2.92181				1358.69
(190,190)				2.93224				1423.6
(748,748)				2.96861				1627.35
(355,355)				2.98483				2137.68
(382,382)				3.00121				1356.89
(421,421)				3.0079				1523.68
(762,762)				3.01494				1337.37
(670,670)				3.01513				1606.48
(479,479)				3.0191				1396.16
(337,337)				3.0397				1383.02
(599,599)				3.04396				1230.91
(176,176)				3.06227				1647.07
(890,890)				3.0674				1237.71
(993,993)				3.0769				1647.14
(775,775)				3.0784				1602.96
(1029,1029)				3.1166				1355.85
(178,178)				3.13269				1198.65
(1046,1046)				3.13305				1514.64
(780,780)				3.13874				4071.51
(575,575)				3.14322				1618.24
(755,755)				3.16126				1572.84
(139,139)				3.1623				1298
(506,506)				3.17536				1483.76
(59,59)				3.18301				1321.25
(871,871)				3.23143				1548.07
(376,376)				3.26482				1317.11
(623,623)				3.29267				1351.07
(154,154)				3.30998				1581.64
(665,665)				3.31835				1411.2
(999,999)				3.33735				1481.43
(32,32)				3.3439				1366.63
(106,106)				3.37673				1597.62
(182,182)				3.38596				1372.78
(52,52)				3.39587				1882.45
(745,745)				3.39764				1565.56
(56,56)				3.40058				3609.58
(640,640)				3.41817				1512.38
(406,406)				3.42212				1239.13
(133,133)				3.43915				1500.28
(1012,1012)				3.45532				1414.83
(866,866)				3.46175				1466.51
(966,966)				3.46343				1567.92
(426,426)				3.46362				1419.13
(49,49)				3.46694				1458.11
(324,324)				3.48429				1463.87
(452,452)				3.48488				1302.2
(198,198)				3.49759				1625.99
(767,767)				3.50731				1432.71
(704,704)				3.52342				1580.82
(1007,1007)				3.52437				1254.66
(1022,1022)				3.52789				1541.55
(1048,1048)				3.57373				1416.07
(740,740)				3.57847				1475.65
(791,791)				3.5891				1325.98
(572,572)				3.60251				1517.77
(445,445)				3.60353				1252.85
(147,147)				3.62861				1539.31
(964,964)				3.64092				1592.25
(887,887)				3.64565				1440.44
(492,492)				3.67226				1555.39
(78,78)				3.68167				1467.56
(275,275)				3.68787				1663.84
(287,287)				3.69988				1531.99
(333,333)				3.70227				3571.16
(387,387)				3.70236				1533.24
(757,757)				3.70294				1598.87
(429,429)				3.7101				1240.12
(1051,1051)				3.72124				1940.24
(125,125)				3.72249				1798.86
(47,47)				3.72355				1602.64
(635,635)				3.72943				1329.89
(280,280)				3.73115				1928.3
(905,905)				3.74775				2171.84
(979,979)				3.75981				1388.31
(673,673)				3.76976				1595.38
(90,90)				3.77226				1517.53
(849,849)				3.77274				1389.54
(115,115)				3.78263				1411.68
(20,20)				3.79015				1541.76
(864,864)				3.79836				1486.13
(482,482)				3.80456				1879.16
(234,234)				3.80514				1704.3
(372,372)				3.81824				3484.94
(501,501)				3.82243				1961.92
(784,784)				3.82569				1710.58
(1056,1056)				3.83442				1543.43
(1002,1002)				3.83722				1323.27
(43,43)				3.83971				1504.39
(902,902)				3.85575				1443.72
(152,152)				3.86254				1577.34
(294,294)				3.87864				1580.41
(477,477)				3.88639				1580.03
(54,54)				3.88895				1537.62
(503,503)				3.89342				1598.34
(620,620)				3.89782				1208.71
(345,345)				3.91526				1557.36
(735,735)				3.9342				1334.29
(1006,1006)				3.93763				3779.05
(215,215)				3.94649				1950.08
(120,120)				3.95794				1531.59
(419,419)				3.97654				1552.49
(563,563)				3.98416				1863.97
(786,786)				3.98705				1549.52
(747,747)				3.98748				3474.84
(158,158)				3.99309				3466.46
(442,442)				3.99323				3319.61
(351,351)				3.99767				3612.01
(557,557)				3.99875				3513.06
(869,869)				4.00032				1875.39
(357,357)				4.01672				1499.11
(1032,1032)				4.02245				1911.25
(712,712)				4.03133				1516.02
(766,766)				4.04346				3702.33
(633,633)				4.05499				1320.07
(630,630)				4.05801				1794.03
(185,185)				4.06894				1206.74
(965,965)				4.08936				3713.5
(971,971)				4.08945				1596.12
(229,229)				4.08993				1470.8
(950,950)				4.10376				1595.48
(373,373)				4.14862				1573.24
(956,956)				4.1513				1391.2
(941,941)				4.16148				3472.88
(759,759)				4.16553				3527.61
(473,473)				4.16743				3606.98
(448,448)				4.16857				3756.26
(601,601)				4.17302				3845.75
(682,682)				4.17423				3471.75
(907,907)				4.18713				1486.63
(53,53)				4.1886				4189.08
(57,57)				4.21383				1504.83
(151,151)				4.24212				4241.95
(955,955)				4.24294				3956.39
(314,314)				4.25541				1577.75
(900,900)				4.26603				1297.96
(13,13)				4.27366				1941.77
(498,498)				4.27532				1318.07
(88,88)				4.29266				1769.87
(153,153)				4.29389				3605.82
(413,413)				4.30439				4291.74
(462,462)				4.30533				1343.05
(817,817)				4.30534				3986.43
(744,744)				4.31286				3633.72
(340,340)				4.33312				1214.17
(321,321)				4.33479				1439.72
(992,992)				4.34356				3504.88
(175,175)				4.34691				3474.31
(728,728)				4.36935				1432.76
(827,827)				4.38358				4236.24
(271,271)				4.38899				1401.28
(860,860)				4.3927				1578.06
(391,391)				4.39451				3480.08
(289,289)				4.39761				1501.2
(142,142)				4.4103				1353.57
(346,346)				4.42065				3838.05
(1021,1021)				4.42688				4355.29
(976,976)				4.4516				1652.63
(825,825)				4.46233				1736.72
(239,239)				4.46586				1570.21
(874,874)				4.46859				1524.25
(824,824)				4.47861				3532.55
(779,779)				4.4883				1560.31
(608,608)				4.50991				4087.93
(320,320)				4.51333				3955.25
(576,576)				4.51929				3739.02
(334,334)				4.52061				1566.47
(1034,1034)				4.52336				1518.91
(279,279)				4.53272				4004.89
(619,619)				4.53429				4168.01
(727,727)				4.54191				3847.98
(685,685)				4.57098				1310.64
(277,277)				4.5749				3911.22
(859,859)				4.58445				4261.44
(339,339)				4.58959				3761.47
(937,937)				4.60121				1513.48
(425,425)				4.60507				3485.1
(26,26)				4.60569				3698.92
(476,476)				4.60704				3518.67
(574,574)				4.60922				4273.61
(698,698)				4.61015				3616.46
(688,688)				4.61423				3683.32
(904,904)				4.61717				3915.52
(820,820)				4.62239				3478.48
(483,483)				4.62307				3634.72
(309,309)				4.62834				4133.33
(896,896)				4.6513				3596.46
(709,709)				4.66304				1602.18
(778,778)				4.67612				3592.04
(72,72)				4.67814				3735.4
(236,236)				4.69043				1598.25
(939,939)				4.69411				4195.54
(754,754)				4.70735				4358.42
(925,925)				4.71958				3704.39
(942,942)				4.7216				1688.07
(325,325)				4.72744				3672.58
(922,922)				4.73141				3435.28
(1026,1026)				4.73224				3446.68
(209,209)				4.73791				3426.44
(108,108)				4.73932				3726.86
(505,505)				4.74107				3709.73
(323,323)				4.74437				3665.76
(1001,1001)				4.74592				3575.05
(457,457)				4.74757				1462.02
(79,79)				4.75308				3474.23
(1045,1045)				4.75842				3651.52
(267,267)				4.78434				4063.09
(235,235)				4.7977				3522.5
(194,194)				4.79786				3639.63
(84,84)				4.80282				3975.15
(1024,1024)				4.81091				1874.27
(863,863)				4.81104				3648.99
(1011,1011)				4.81493				3662.8
(1047,1047)				4.82853				3606.31
(238,238)				4.8359				3654.58
(836,836)				4.85823				4395.7
(602,602)				4.85876				1894.9
(828,828)				4.86433				1741.83
(46,46)				4.86537				3661.47
(12,12)				4.86699				3626.16
(756,756)				4.87178				3636.02
(1042,1042)				4.8721				1627.8
(356,356)				4.87381				3733.54
(7,7)				4.87694				3556.36
(788,788)				4.88291				3759.23
(1052,1052)				4.89582				3423.94
(674,674)				4.90144				3553.66
(1033,1033)				4.91221				3610.58
(211,211)				4.91502				3625.03
(550,550)				4.92115				3925.16
(699,699)				4.92145				1520.44
(968,968)				4.92176				4380.57
(230,230)				4.9279				3587.36
(0,0)				4.93483				3990.6
(562,562)				4.94284				3779.94
(785,785)				4.95062				3493.97
(923,923)				4.95317				1606.32
(124,124)				4.95378				3468.62
(286,286)				4.95786				4417.76
(298,298)				4.95933				4181.35
(224,224)				4.97209				4239.07
(89,89)				4.9745				3628.67
(19,19)				4.97675				4335.26
(949,949)				4.97807				3434.29
(875,875)				4.98563				3776.45
(553,553)				4.99039				3807.76
(87,87)				4.99359				3728.92
(664,664)				4.99401				4109.43
(105,105)				5.00028				3489.84
(415,415)				5.00442				3664.99
(691,691)				5.01141				3711.14
(496,496)				5.01629				1583.25
(571,571)				5.02005				3638.49
(233,233)				5.02405				3996.39
(293,293)				5.03246				3642.19
(80,80)				5.03554				1818.61
(897,897)				5.04528				1770.74
(82,82)				5.04669				3948.47
(711,711)				5.05158				3841.65
(684,684)				5.05575				3494.79
(274,274)				5.05911				3541.12
(616,616)				5.07568				3642.96
(978,978)				5.07869				3659.13
(134,134)				5.08526				3930.99
(774,774)				5.08993				4172.06
(868,868)				5.10209				3924.84
(402,402)				5.10354				1358.16
(637,637)				5.10523				3972.09
(582,582)				5.10659				1300.61
(765,765)				5.11005				1912.1
(936,936)				5.12409				3760.46
(66,66)				5.14237				3437.92
(354,354)				5.14669				3752.5
(184,184)				5.16069				3641.21
(889,889)				5.16143				3652.7
(69,69)				5.1772				3740.29
(288,288)				5.17755				3593.81
(428,428)				5.17928				3771.53
(606,606)				5.18066				3804.41
(228,228)				5.18381				3638.62
(149,149)				5.18472				1510.09
(577,577)				5.18485				1513.01
(313,313)				5.20452				3646.82
(497,497)				5.20587				3592.08
(197,197)				5.208				3461.69
(906,906)				5.20965				3698.72
(21,21)				5.21312				3587.43
(451,451)				5.21885				3638.57
(1031,1031)				5.22112				3762.35
(951,951)				5.22165				3660.8
(734,734)				5.22761				3729.49
(838,838)				5.23847				3788.39
(381,381)				5.24849				3817.71
(461,461)				5.25052				3593.41
(42,42)				5.25609				4318.5
(886,886)				5.26424				3732.72
(669,669)				5.29518				3647.34
(731,731)				5.2966				3642.08
(502,502)				5.30179				3456.21
(963,963)				5.3095				4408.39
(181,181)				5.31478				3667.25
(114,114)				5.315				3782.08
(119,119)				5.32404				3953.72
(1014,1014)				5.32413				3582.44
(478,478)				5.33155				4131.84
(206,206)				5.33308				3616.28
(655,655)				5.33308				3556.97
(123,123)				5.33345				1646.34
(58,58)				5.33511				3781.18
(696,696)				5.33561				4192.02
(1050,1050)				5.34244				3805.74
(629,629)				5.34671				3627.66
(672,672)				5.35129				4235.64
(658,658)				5.35472				3563.09
(603,603)				5.37996				4083.63
(865,865)				5.38277				4106.11
(739,739)				5.39434				3606.52
(639,639)				5.40107				3619.5
(632,632)				5.40501				3712.31
(1028,1028)				5.40931				4001.1
(405,405)				5.41745				3783.81
(161,161)				5.43095				3673.44
(420,420)				5.44303				3735.1
(596,596)				5.44455				4141.46
(581,581)				5.45016				3444.14
(703,703)				5.45153				3733.48
(998,998)				5.45725				3553.53
(627,627)				5.45984				4331.69
(761,761)				5.46189				3671.36
(270,270)				5.4688				4022.69
(418,418)				5.46897				4333.66
(560,560)				5.47098				4171.11
(1055,1055)				5.47242				3759.42
(725,725)				5.47348				3470.65
(3,3)				5.48383				4296.23
(1041,1041)				5.49827				4282.23
(829,829)				5.50405				3436.3
(970,970)				5.50985				3658.92
(634,634)				5.51025				3943.58
(622,622)				5.52923				3764.1
(848,848)				5.53427				3722.61
(994,994)				5.53794				4041.78
(386,386)				5.55164				3804.68
(841,841)				5.55682				4239.12
(899,899)				5.55857				3689.76
(481,481)				5.60051				3692.2
(24,24)				5.60529				4260.41
(216,216)				5.61451				3685.29
(31,31)				5.61522				4086.91
(77,77)				5.61589				4422.12
(883,883)				5.61767				3465.98
(901,901)				5.65727				3894.63
(471,471)				5.66253				4204.68
(204,204)				5.66266				4121.88
(318,318)				5.66412				3857.68
(132,132)				5.66552				3429.66
(843,843)				5.68448				3573.17
(456,456)				5.69076				3588.08
(336,336)				5.69273				3746.05
(48,48)				5.69991				3980.61
(783,783)				5.71593				3666.35
(1057,1057)				5.72909				3637.54
(401,401)				5.74126				3981.69
(931,931)				5.74867				3745.36
(764,764)				5.74961				3790.95
(464,464)				5.75406				3481.23
(344,344)				5.77655				4309.05
(1023,1023)				5.79172				3652.99
(189,189)				5.79521				4082.2
(177,177)				5.80096				3789.81
(389,389)				5.80713				4083.25
(146,146)				5.86205				4327.75
(148,148)				5.86579				3710.35
(10,10)				5.87				4317.93
(975,975)				5.88831				3516.09
(790,790)				5.90389				3871.69
(214,214)				5.90806				3772.76
(569,569)				5.91446				3945.24
(701,701)				5.92726				4304.57
(291,291)				5.93126				4015.77
(138,138)				5.95888				3947.73
(495,495)				5.9909				3613.66
(444,444)				6.00065				3531
(873,873)				6.02089				3516.49
(399,399)				6.02551				3602.77
(491,491)				6.03289				4301.5
(870,870)				6.03341				4095.08
(598,598)				6.04714				3613.72
(507,507)				6.05281				3735.16
(375,375)				6.06645				3755.17
(240,240)				6.06804				3656.01
(315,315)				6.08117				3523.91
(894,894)				6.08161				4381.52
(500,500)				6.08441				3967.84
(51,51)				6.16951				3819.36
(592,592)				6.21918				4353.53
(958,958)				6.23485				3585.57
(122,122)				6.28083				4425.66
(708,708)				6.3144				3486.58
(141,141)				6.43281				3789.09
(408,408)				6.43303				4248.72
(349,349)				6.56489				3816.33
